	-2.282456	-25.254468	75.796486	0.000000	0.000000	0.000000	1.105935	0.000000
	-235.826262	167.882552	-33.616466	0.000000	0.000000	0.000000	1.092691	0.000000
	-135.618889	222.635348	200.713729	0.000000	0.000000	0.000000	0.917371	0.000000
	-59.397881	-141.700301	-38.941712	0.000000	0.000000	0.000000	1.235662	0.000000
	-133.457775	-134.566729	-140.609481	0.000000	0.000000	0.000000	0.940386	0.000000
	-239.255147	168.788988	28.227161	0.000000	0.000000	0.000000	0.961813	0.000000
	246.271706	179.973264	-189.555020	0.000000	0.000000	0.000000	1.040575	0.000000
	105.595885	218.220293	-38.946500	0.000000	0.000000	0.000000	0.799557	0.000000
	-98.315745	43.790303	191.239500	0.000000	0.000000	0.000000	1.377800	0.000000
	44.501129	-232.737085	-128.630013	0.000000	0.000000	0.000000	1.243763	0.000000
	-163.496299	24.399381	101.520381	0.000000	0.000000	0.000000	1.165219	0.000000
	-30.519185	4.213244	139.221308	0.000000	0.000000	0.000000	1.078094	0.000000
	-5.153240	-235.212518	-228.256355	0.000000	0.000000	0.000000	0.992145	0.000000
	-164.825402	1.119279	241.038319	0.000000	0.000000	0.000000	1.033135	0.000000
	180.144889	-133.911936	6.885832	0.000000	0.000000	0.000000	1.197249	0.000000
	-20.434134	-115.360261	23.998155	0.000000	0.000000	0.000000	1.411268	0.000000
	30.678932	-36.954660	-221.938351	0.000000	0.000000	0.000000	1.219694	0.000000
	-150.080290	2.360234	-7.537444	0.000000	0.000000	0.000000	1.313555	0.000000
	19.239398	61.744726	56.226232	0.000000	0.000000	0.000000	0.910269	0.000000
	-135.197484	-161.394371	42.230435	0.000000	0.000000	0.000000	0.966340	0.000000
	86.556763	-208.382931	-241.654685	0.000000	0.000000	0.000000	0.579869	0.000000
	62.401042	-77.788568	-215.242311	0.000000	0.000000	0.000000	0.891225	0.000000
	-165.927527	-113.542782	105.794964	0.000000	0.000000	0.000000	0.767750	0.000000
	-13.114493	-238.182711	-56.721448	0.000000	0.000000	0.000000	0.958573	0.000000
	-195.619154	199.909250	5.057990	0.000000	0.000000	0.000000	0.948664	0.000000
	158.519834	-239.590946	-241.067740	0.000000	0.000000	0.000000	0.763198	0.000000
	-169.886204	102.302814	89.087898	0.000000	0.000000	0.000000	0.639665	0.000000
	237.797259	148.905429	8.299758	0.000000	0.000000	0.000000	0.999876	0.000000
	-52.550995	37.922981	-89.377095	0.000000	0.000000	0.000000	0.750389	0.000000
	-100.697025	233.951655	187.767122	0.000000	0.000000	0.000000	1.028043	0.000000
	-94.818186	219.644216	121.921059	0.000000	0.000000	0.000000	0.615986	0.000000
	-245.759869	189.358949	-231.041735	0.000000	0.000000	0.000000	0.943930	0.000000
	183.890532	236.887618	102.011571	0.000000	0.000000	0.000000	1.009253	0.000000
	-76.534558	-147.119121	87.076507	0.000000	0.000000	0.000000	0.985345	0.000000
	-197.787889	82.978764	-101.963663	0.000000	0.000000	0.000000	0.953251	0.000000
	185.810754	199.839135	-240.953508	0.000000	0.000000	0.000000	0.980482	0.000000
	243.524859	141.350188	-80.452176	0.000000	0.000000	0.000000	0.842996	0.000000
	168.850535	216.093736	-78.075093	0.000000	0.000000	0.000000	0.726803	0.000000
	-7.750639	242.754115	-132.679783	0.000000	0.000000	0.000000	1.485284	0.000000
	-165.152929	205.493892	-143.515903	0.000000	0.000000	0.000000	1.066175	0.000000
	170.566098	-65.946000	-79.857382	0.000000	0.000000	0.000000	1.222123	0.000000
	51.991264	227.153729	193.632552	0.000000	0.000000	0.000000	0.574281	0.000000
	-197.862501	-230.431101	-213.403291	0.000000	0.000000	0.000000	0.744056	0.000000
	57.593016	140.951801	-60.980186	0.000000	0.000000	0.000000	1.161514	0.000000
	-209.128369	-116.638179	195.384064	0.000000	0.000000	0.000000	1.011433	0.000000
	-21.115370	-111.408617	143.507332	0.000000	0.000000	0.000000	1.313366	0.000000
	-192.448751	192.530035	-229.988232	0.000000	0.000000	0.000000	1.045119	0.000000
	-166.308281	-129.289857	122.003208	0.000000	0.000000	0.000000	0.951275	0.000000
	-123.294932	-11.494952	-199.935428	0.000000	0.000000	0.000000	1.194020	0.000000
	-244.746924	241.291813	-102.225070	0.000000	0.000000	0.000000	1.034770	0.000000
	-93.359569	-218.517605	206.696009	0.000000	0.000000	0.000000	1.040838	0.000000
	58.903440	239.976443	21.456599	0.000000	0.000000	0.000000	0.828736	0.000000
	-120.457004	20.801131	-96.339441	0.000000	0.000000	0.000000	1.184664	0.000000
	-109.606638	241.688359	-26.048880	0.000000	0.000000	0.000000	0.892786	0.000000
	220.367261	-54.760724	-96.607853	0.000000	0.000000	0.000000	1.133424	0.000000
	173.567383	196.750123	-98.595335	0.000000	0.000000	0.000000	0.899863	0.000000
	39.492718	47.981270	-127.450998	0.000000	0.000000	0.000000	0.866665	0.000000
	-214.541816	-212.435104	67.691047	0.000000	0.000000	0.000000	0.709378	0.000000
	-3.369479	181.324489	-172.910202	0.000000	0.000000	0.000000	0.696571	0.000000
	-211.446507	224.613974	-163.378946	0.000000	0.000000	0.000000	0.982906	0.000000
	-196.561133	7.179126	209.678470	0.000000	0.000000	0.000000	1.151418	0.000000
	201.544142	151.928140	203.576883	0.000000	0.000000	0.000000	0.777080	0.000000
	94.797590	-160.922567	-33.681000	0.000000	0.000000	0.000000	1.547223	0.000000
	83.889370	-123.706796	-217.792903	0.000000	0.000000	0.000000	0.652347	0.000000
	175.646333	-23.345161	-52.144778	0.000000	0.000000	0.000000	1.017032	0.000000
	-237.795749	73.219422	-41.658059	0.000000	0.000000	0.000000	0.910759	0.000000
	-72.528278	-180.857943	-187.435492	0.000000	0.000000	0.000000	1.005989	0.000000
	-51.101343	-49.458924	56.222461	0.000000	0.000000	0.000000	0.607729	0.000000
	74.419796	-30.841522	93.256565	0.000000	0.000000	0.000000	0.999927	0.000000
	-2.463875	-10.586556	-137.468957	0.000000	0.000000	0.000000	1.087219	0.000000
	203.469752	208.853292	-112.387318	0.000000	0.000000	0.000000	0.916281	0.000000
	-214.224306	5.845855	188.712039	0.000000	0.000000	0.000000	1.033192	0.000000
	96.278482	174.495561	-64.192835	0.000000	0.000000	0.000000	1.184680	0.000000
	47.288902	178.138569	198.302186	0.000000	0.000000	0.000000	1.271040	0.000000
	-141.190656	34.758675	128.875057	0.000000	0.000000	0.000000	0.846731	0.000000
	7.527902	-167.600924	114.948075	0.000000	0.000000	0.000000	1.098056	0.000000
	-116.236878	206.431445	229.719419	0.000000	0.000000	0.000000	1.299492	0.000000
	100.203883	-27.470634	212.153901	0.000000	0.000000	0.000000	1.379584	0.000000
	151.355765	-33.539204	-167.622891	0.000000	0.000000	0.000000	1.270722	0.000000
	204.442380	229.712040	-190.406634	0.000000	0.000000	0.000000	0.916236	0.000000
	-190.954984	-102.262243	-125.891814	0.000000	0.000000	0.000000	1.038930	0.000000
	-239.482663	63.763294	52.813769	0.000000	0.000000	0.000000	0.812718	0.000000
	-107.609193	21.169715	-113.387151	0.000000	0.000000	0.000000	1.131999	0.000000
	91.763576	145.545359	154.327310	0.000000	0.000000	0.000000	1.019461	0.000000
	134.533693	35.272315	-58.371808	0.000000	0.000000	0.000000	0.959590	0.000000
	153.774545	-190.964235	123.632617	0.000000	0.000000	0.000000	0.903142	0.000000
	130.532830	236.759892	-181.702994	0.000000	0.000000	0.000000	1.520909	0.000000
	-94.374271	1.516244	-71.590618	0.000000	0.000000	0.000000	0.980870	0.000000
	-28.842834	-25.223928	-97.600406	0.000000	0.000000	0.000000	0.990094	0.000000
	91.706442	-3.850434	73.834121	0.000000	0.000000	0.000000	0.837634	0.000000
	-248.062171	-111.189374	49.082099	0.000000	0.000000	0.000000	0.930656	0.000000
	-19.209513	167.296743	-45.517329	0.000000	0.000000	0.000000	1.306339	0.000000
	60.016854	15.478090	-70.288984	0.000000	0.000000	0.000000	0.905450	0.000000
	-37.065264	-47.373964	180.622654	0.000000	0.000000	0.000000	0.743972	0.000000
	198.954586	124.386732	-3.648974	0.000000	0.000000	0.000000	1.092159	0.000000
	74.372717	64.837679	-46.500513	0.000000	0.000000	0.000000	1.236841	0.000000
	218.558980	141.236843	173.134033	0.000000	0.000000	0.000000	1.105494	0.000000
	52.731197	-75.274956	-117.708371	0.000000	0.000000	0.000000	1.604018	0.000000
	22.123379	-173.965017	166.487643	0.000000	0.000000	0.000000	1.717789	0.000000
	-227.305970	5.140461	122.373833	0.000000	0.000000	0.000000	0.970965	0.000000
	78.421769	-240.129306	3.581798	0.000000	0.000000	0.000000	0.941395	0.000000
	52.496960	-145.555304	-146.145835	0.000000	0.000000	0.000000	0.880980	0.000000
	-212.557611	165.338795	11.598884	0.000000	0.000000	0.000000	1.173299	0.000000
	118.362844	-165.723196	76.533499	0.000000	0.000000	0.000000	0.894694	0.000000
	-115.119683	54.833165	-133.943061	0.000000	0.000000	0.000000	1.451166	0.000000
	144.883812	183.358932	-85.178220	0.000000	0.000000	0.000000	1.005463	0.000000
	-234.732763	199.696656	61.226030	0.000000	0.000000	0.000000	1.537158	0.000000
	130.796497	142.705978	-155.049566	0.000000	0.000000	0.000000	0.878704	0.000000
	236.524916	-28.211722	206.572503	0.000000	0.000000	0.000000	1.032155	0.000000
	-119.007984	13.296161	-180.690129	0.000000	0.000000	0.000000	1.194035	0.000000
	-69.455116	125.688156	-129.753198	0.000000	0.000000	0.000000	0.636246	0.000000
	-97.252059	-196.807283	-51.496072	0.000000	0.000000	0.000000	1.275919	0.000000
	-156.619370	-222.328474	48.756786	0.000000	0.000000	0.000000	0.977757	0.000000
	-232.643282	101.961797	157.455279	0.000000	0.000000	0.000000	1.160707	0.000000
	-190.966447	96.318469	-202.384575	0.000000	0.000000	0.000000	0.704849	0.000000
	-61.052863	-165.701211	-134.141344	0.000000	0.000000	0.000000	0.916596	0.000000
	39.966372	-144.046491	107.467529	0.000000	0.000000	0.000000	1.200551	0.000000
	204.743531	247.196704	-226.891026	0.000000	0.000000	0.000000	0.850750	0.000000
	40.126880	209.420115	-50.035703	0.000000	0.000000	0.000000	0.887822	0.000000
	-60.255057	-185.010571	-18.555363	0.000000	0.000000	0.000000	1.040578	0.000000
	-204.481147	-236.188555	68.756506	0.000000	0.000000	0.000000	0.898734	0.000000
	172.811386	81.508094	-55.149036	0.000000	0.000000	0.000000	1.278533	0.000000
	-219.907952	217.583000	45.247749	0.000000	0.000000	0.000000	1.044930	0.000000
	30.128798	11.085886	-219.597679	0.000000	0.000000	0.000000	0.861504	0.000000
	-150.315830	190.052616	-37.940111	0.000000	0.000000	0.000000	0.900766	0.000000
	121.641530	110.557645	126.104251	0.000000	0.000000	0.000000	1.188850	0.000000
	-64.873404	242.343736	-229.941032	0.000000	0.000000	0.000000	1.198120	0.000000
	-185.898438	-52.405869	103.823702	0.000000	0.000000	0.000000	0.999594	0.000000
	150.196729	-207.107360	-232.903339	0.000000	0.000000	0.000000	0.989599	0.000000
	-93.396653	-184.997550	147.286111	0.000000	0.000000	0.000000	0.846455	0.000000
	-127.305003	28.588747	-84.946417	0.000000	0.000000	0.000000	0.873247	0.000000
	228.148080	42.070160	-197.656035	0.000000	0.000000	0.000000	0.761144	0.000000
	244.015279	109.690748	167.393053	0.000000	0.000000	0.000000	1.077239	0.000000
	198.409196	165.808532	-104.337056	0.000000	0.000000	0.000000	1.136159	0.000000
	10.538836	-201.309955	-77.310357	0.000000	0.000000	0.000000	0.814916	0.000000
	157.474338	75.558523	-93.174914	0.000000	0.000000	0.000000	1.007023	0.000000
	-87.355652	124.256888	0.528429	0.000000	0.000000	0.000000	0.882099	0.000000
	207.209001	-87.213536	-86.217774	0.000000	0.000000	0.000000	0.990860	0.000000
	213.808621	234.876072	157.814644	0.000000	0.000000	0.000000	0.905935	0.000000
	11.855861	37.802007	246.248764	0.000000	0.000000	0.000000	1.103736	0.000000
	123.324518	-69.211118	221.156779	0.000000	0.000000	0.000000	1.356781	0.000000
	-17.714211	239.877464	16.064199	0.000000	0.000000	0.000000	1.063959	0.000000
	93.621098	31.387765	203.403131	0.000000	0.000000	0.000000	0.858872	0.000000
	113.980109	-224.947483	-200.388797	0.000000	0.000000	0.000000	0.817444	0.000000
	-196.531202	-119.151216	66.070544	0.000000	0.000000	0.000000	1.001540	0.000000
	-213.594277	175.313496	71.619480	0.000000	0.000000	0.000000	0.990163	0.000000
	173.814869	105.139206	-108.123797	0.000000	0.000000	0.000000	0.758286	0.000000
	182.746660	196.396687	-37.277961	0.000000	0.000000	0.000000	1.364983	0.000000
	222.367619	149.080371	112.909250	0.000000	0.000000	0.000000	1.117796	0.000000
	123.391407	135.166255	7.141899	0.000000	0.000000	0.000000	0.884112	0.000000
	191.348465	148.115939	42.298799	0.000000	0.000000	0.000000	0.973386	0.000000
	-100.322862	95.667238	-247.246461	0.000000	0.000000	0.000000	0.963646	0.000000
	193.595678	123.430220	235.395863	0.000000	0.000000	0.000000	0.814872	0.000000
	25.688403	12.813607	21.020286	0.000000	0.000000	0.000000	1.014650	0.000000
	-96.120296	-99.044807	3.158675	0.000000	0.000000	0.000000	0.901402	0.000000
	238.289852	-168.514381	68.332206	0.000000	0.000000	0.000000	1.046572	0.000000
	-48.930558	218.261546	197.665225	0.000000	0.000000	0.000000	1.015967	0.000000
	212.581825	173.171785	-58.291904	0.000000	0.000000	0.000000	1.732786	0.000000
	-63.683485	124.681904	-9.289809	0.000000	0.000000	0.000000	0.924103	0.000000
	-191.745272	-72.751622	-42.402785	0.000000	0.000000	0.000000	0.885393	0.000000
	248.863348	-121.039700	6.894169	0.000000	0.000000	0.000000	1.023351	0.000000
	-33.248658	138.498846	-7.102947	0.000000	0.000000	0.000000	1.276365	0.000000
	235.747343	108.089970	-204.311382	0.000000	0.000000	0.000000	1.132372	0.000000
	226.084281	-50.435049	111.752794	0.000000	0.000000	0.000000	0.834621	0.000000
	-76.648731	223.052698	234.799619	0.000000	0.000000	0.000000	1.016725	0.000000
	-40.185385	85.823080	-190.676682	0.000000	0.000000	0.000000	0.725341	0.000000
	-10.143530	146.641417	178.923756	0.000000	0.000000	0.000000	0.877963	0.000000
	-206.403621	-55.141463	84.350811	0.000000	0.000000	0.000000	1.325094	0.000000
	202.539181	-191.921481	176.938327	0.000000	0.000000	0.000000	0.850749	0.000000
	202.694702	-149.399969	10.371313	0.000000	0.000000	0.000000	0.788323	0.000000
	246.032348	-105.703719	-3.761729	0.000000	0.000000	0.000000	0.761497	0.000000
	-142.687530	129.831156	-81.455350	0.000000	0.000000	0.000000	1.316802	0.000000
	244.483522	78.641181	212.906424	0.000000	0.000000	0.000000	0.975879	0.000000
	20.267988	-29.874383	129.927609	0.000000	0.000000	0.000000	1.218700	0.000000
	-112.717668	103.130774	-44.178474	0.000000	0.000000	0.000000	1.140171	0.000000
	30.424657	49.247224	230.035786	0.000000	0.000000	0.000000	0.838834	0.000000
	-175.572623	-43.099041	-110.104354	0.000000	0.000000	0.000000	1.008911	0.000000
	-142.799845	-66.157801	-14.725472	0.000000	0.000000	0.000000	1.073555	0.000000
	-159.398166	189.955147	97.085682	0.000000	0.000000	0.000000	0.853109	0.000000
	-86.996680	95.053684	72.532139	0.000000	0.000000	0.000000	0.992955	0.000000
	-84.979195	-186.038867	-179.941454	0.000000	0.000000	0.000000	0.866309	0.000000
	19.412767	101.461221	31.536297	0.000000	0.000000	0.000000	0.895534	0.000000
	-150.297826	33.787424	192.142797	0.000000	0.000000	0.000000	1.063451	0.000000
	57.687116	-207.717282	-137.744828	0.000000	0.000000	0.000000	0.775433	0.000000
	9.214917	-238.437611	-85.082794	0.000000	0.000000	0.000000	0.856429	0.000000
	134.990492	90.601290	-229.488535	0.000000	0.000000	0.000000	0.832667	0.000000
	-115.331186	-225.116743	-234.415013	0.000000	0.000000	0.000000	0.804936	0.000000
	216.852865	69.189063	-128.969501	0.000000	0.000000	0.000000	0.799494	0.000000
	7.619008	-89.086156	224.335455	0.000000	0.000000	0.000000	1.066535	0.000000
	70.596482	171.662789	53.080186	0.000000	0.000000	0.000000	0.759606	0.000000
	89.501346	60.318581	13.866855	0.000000	0.000000	0.000000	1.211596	0.000000
	-53.114640	199.159694	66.364703	0.000000	0.000000	0.000000	1.027932	0.000000
	4.264057	-162.426638	-142.488391	0.000000	0.000000	0.000000	0.998033	0.000000
	-124.793934	-114.532810	15.073170	0.000000	0.000000	0.000000	0.933758	0.000000
	-198.123240	-63.261173	77.210631	0.000000	0.000000	0.000000	0.965750	0.000000
	171.909056	111.581525	92.294621	0.000000	0.000000	0.000000	1.013465	0.000000
	91.206160	-172.113612	206.736522	0.000000	0.000000	0.000000	0.778643	0.000000
	194.296186	-170.116104	174.554757	0.000000	0.000000	0.000000	1.171663	0.000000
	-191.070110	50.502632	-115.122090	0.000000	0.000000	0.000000	0.912721	0.000000
	51.842011	-245.907595	226.167619	0.000000	0.000000	0.000000	1.300838	0.000000
	-60.246826	30.956883	191.406034	0.000000	0.000000	0.000000	1.461870	0.000000
	49.279450	-38.860387	216.763278	0.000000	0.000000	0.000000	0.921374	0.000000
	-223.362855	-14.618066	-231.292882	0.000000	0.000000	0.000000	0.906172	0.000000
	-71.855800	-114.548345	241.811803	0.000000	0.000000	0.000000	0.764496	0.000000
	151.043484	159.854184	-127.413281	0.000000	0.000000	0.000000	1.466680	0.000000
	31.178281	-71.141497	-170.670401	0.000000	0.000000	0.000000	1.125436	0.000000
	-76.871953	78.777681	247.894797	0.000000	0.000000	0.000000	0.579245	0.000000
	-103.034102	158.067775	-29.489902	0.000000	0.000000	0.000000	0.946403	0.000000
	9.497893	-221.984389	86.517625	0.000000	0.000000	0.000000	1.180349	0.000000
	71.372210	-6.280326	-79.507709	0.000000	0.000000	0.000000	1.151449	0.000000
	-162.644307	108.295795	-200.151755	0.000000	0.000000	0.000000	0.772314	0.000000
	-19.347285	-14.416514	-3.687428	0.000000	0.000000	0.000000	1.255243	0.000000
	-153.115949	-29.697804	21.011960	0.000000	0.000000	0.000000	1.371251	0.000000
	169.873588	-175.059382	-61.939640	0.000000	0.000000	0.000000	1.365859	0.000000
	133.038589	83.610712	148.935489	0.000000	0.000000	0.000000	0.821593	0.000000
	236.050135	163.012457	223.391035	0.000000	0.000000	0.000000	0.900597	0.000000
	66.899109	118.037290	206.325308	0.000000	0.000000	0.000000	0.747863	0.000000
	-247.337991	151.931622	241.078963	0.000000	0.000000	0.000000	1.001433	0.000000
	-78.762268	-130.424872	137.509843	0.000000	0.000000	0.000000	1.477079	0.000000
	6.559134	-36.287411	147.200346	0.000000	0.000000	0.000000	0.751709	0.000000
	76.778352	18.376991	-126.042148	0.000000	0.000000	0.000000	1.221833	0.000000
	71.944084	-56.506343	29.981271	0.000000	0.000000	0.000000	1.092182	0.000000
	239.047056	-130.403475	-243.915833	0.000000	0.000000	0.000000	1.075308	0.000000
	-110.963711	-42.220476	47.483366	0.000000	0.000000	0.000000	1.227779	0.000000
	-25.657252	0.793557	-41.195901	0.000000	0.000000	0.000000	0.858762	0.000000
	-55.455451	-149.640290	158.459337	0.000000	0.000000	0.000000	0.813496	0.000000
	33.437160	172.421706	140.280536	0.000000	0.000000	0.000000	0.927122	0.000000
	-81.942711	-178.644272	-122.495170	0.000000	0.000000	0.000000	1.144020	0.000000
	-16.119298	-175.483834	-184.869107	0.000000	0.000000	0.000000	0.913373	0.000000
	150.850313	18.778412	-150.794389	0.000000	0.000000	0.000000	0.883232	0.000000
	38.806074	26.957126	-54.340963	0.000000	0.000000	0.000000	0.812724	0.000000
	-211.425296	143.094974	-221.237574	0.000000	0.000000	0.000000	0.744176	0.000000
	91.205717	45.502702	-185.412162	0.000000	0.000000	0.000000	1.122948	0.000000
	-129.390844	-59.165544	-107.164416	0.000000	0.000000	0.000000	0.994534	0.000000
	-137.450329	104.665444	-76.139817	0.000000	0.000000	0.000000	0.725488	0.000000
	163.676609	-145.582431	-18.273625	0.000000	0.000000	0.000000	0.993593	0.000000
	46.297364	57.592468	127.374282	0.000000	0.000000	0.000000	0.673685	0.000000
	164.277687	-92.197425	156.135563	0.000000	0.000000	0.000000	0.897597	0.000000
	-146.063985	3.860658	-189.217076	0.000000	0.000000	0.000000	1.041335	0.000000
	211.595653	-183.022615	108.125026	0.000000	0.000000	0.000000	1.169334	0.000000
	131.672634	-60.975020	-8.984679	0.000000	0.000000	0.000000	0.834500	0.000000
	69.216792	85.785965	210.684577	0.000000	0.000000	0.000000	1.033636	0.000000
	233.875861	134.447707	-39.404082	0.000000	0.000000	0.000000	0.987203	0.000000
	165.513407	-185.199990	29.756449	0.000000	0.000000	0.000000	0.899901	0.000000
	-142.831115	161.448291	19.329808	0.000000	0.000000	0.000000	0.964643	0.000000
	-29.112528	228.436366	47.658751	0.000000	0.000000	0.000000	0.749203	0.000000
	10.914443	-151.462707	-70.134324	0.000000	0.000000	0.000000	0.791013	0.000000
	202.938337	-20.770281	167.028020	0.000000	0.000000	0.000000	1.084306	0.000000
	203.331142	-107.238280	-228.472287	0.000000	0.000000	0.000000	0.862042	0.000000
	167.749031	-51.850181	246.536707	0.000000	0.000000	0.000000	1.018314	0.000000
	202.854869	-14.685389	217.321083	0.000000	0.000000	0.000000	1.064339	0.000000
	-11.421800	-36.589606	44.341157	0.000000	0.000000	0.000000	1.193748	0.000000
	44.666222	175.481461	-111.111875	0.000000	0.000000	0.000000	0.911576	0.000000
	249.378258	145.439118	37.824398	0.000000	0.000000	0.000000	1.150881	0.000000
	-242.809400	201.104344	-81.651371	0.000000	0.000000	0.000000	0.720569	0.000000
	68.732013	41.363534	-7.537391	0.000000	0.000000	0.000000	0.887626	0.000000
	-26.895302	0.039689	155.173460	0.000000	0.000000	0.000000	1.321824	0.000000
	198.004974	-175.891889	-196.056618	0.000000	0.000000	0.000000	0.909159	0.000000
	160.740429	247.825542	175.934841	0.000000	0.000000	0.000000	0.864153	0.000000
	-218.267755	65.368039	159.941155	0.000000	0.000000	0.000000	1.018990	0.000000
	59.310958	-212.542900	-164.805930	0.000000	0.000000	0.000000	1.020766	0.000000
	-208.353478	-108.785530	113.073091	0.000000	0.000000	0.000000	1.200391	0.000000
	-111.435299	-9.789191	118.774546	0.000000	0.000000	0.000000	0.885421	0.000000
	237.941210	161.008185	-212.437281	0.000000	0.000000	0.000000	0.575079	0.000000
	-28.887828	-68.028790	123.734832	0.000000	0.000000	0.000000	1.128919	0.000000
	124.889795	193.435086	-229.686828	0.000000	0.000000	0.000000	0.776061	0.000000
	186.458433	-37.710286	236.524842	0.000000	0.000000	0.000000	1.072105	0.000000
	-184.977248	43.361889	-188.779750	0.000000	0.000000	0.000000	0.873073	0.000000
	-222.353166	231.191633	-82.537312	0.000000	0.000000	0.000000	0.888450	0.000000
	25.978599	-245.411119	132.355909	0.000000	0.000000	0.000000	0.792603	0.000000
	-145.281514	-105.617966	-4.757794	0.000000	0.000000	0.000000	0.701626	0.000000
	76.715239	-152.379306	-159.249383	0.000000	0.000000	0.000000	0.912578	0.000000
	216.477594	-36.879954	-12.989441	0.000000	0.000000	0.000000	1.071971	0.000000
	82.271705	226.098779	-33.765283	0.000000	0.000000	0.000000	0.685033	0.000000
	-212.969033	-39.907276	100.812165	0.000000	0.000000	0.000000	1.091855	0.000000
	25.182992	0.547595	-11.196741	0.000000	0.000000	0.000000	1.269981	0.000000
	178.580913	-24.962922	-14.412544	0.000000	0.000000	0.000000	1.133053	0.000000
	12.225499	31.723253	152.852023	0.000000	0.000000	0.000000	1.388492	0.000000
	-94.878394	52.302483	-227.075954	0.000000	0.000000	0.000000	1.030078	0.000000
	-133.928100	-27.921978	99.752294	0.000000	0.000000	0.000000	0.858171	0.000000
	-31.320359	70.973467	-71.840056	0.000000	0.000000	0.000000	1.051038	0.000000
	-96.779971	-242.519608	-80.920613	0.000000	0.000000	0.000000	1.365511	0.000000
	185.183108	-145.718419	-209.131582	0.000000	0.000000	0.000000	1.130444	0.000000
	95.382628	229.738926	53.718531	0.000000	0.000000	0.000000	1.037774	0.000000
	133.108965	2.087320	37.021494	0.000000	0.000000	0.000000	1.065866	0.000000
	-39.781712	13.201114	-19.278493	0.000000	0.000000	0.000000	0.919271	0.000000
	64.874970	-128.252433	-52.660389	0.000000	0.000000	0.000000	1.079178	0.000000
	244.756133	121.907054	189.568625	0.000000	0.000000	0.000000	0.873073	0.000000
	87.625713	-234.406557	-64.620340	0.000000	0.000000	0.000000	0.860682	0.000000
	6.603463	-91.208380	51.880368	0.000000	0.000000	0.000000	1.134454	0.000000
	24.025852	-111.938561	-244.353507	0.000000	0.000000	0.000000	1.020741	0.000000
	-4.054375	0.574452	185.110966	0.000000	0.000000	0.000000	0.913932	0.000000
	244.822211	-117.661016	-63.632206	0.000000	0.000000	0.000000	1.372255	0.000000
	7.614566	5.664200	-185.137535	0.000000	0.000000	0.000000	0.885497	0.000000
	25.332877	-124.310151	-133.241724	0.000000	0.000000	0.000000	0.848568	0.000000
	-23.683298	-84.297522	-46.619918	0.000000	0.000000	0.000000	0.803050	0.000000
	-140.815090	-161.735198	202.846295	0.000000	0.000000	0.000000	1.197228	0.000000
	166.487196	-174.971654	-228.446518	0.000000	0.000000	0.000000	1.139788	0.000000
	44.770100	-28.739120	146.728524	0.000000	0.000000	0.000000	0.877765	0.000000
	-148.816101	123.081463	-192.032430	0.000000	0.000000	0.000000	1.044924	0.000000
	-123.937545	-38.577974	-125.680179	0.000000	0.000000	0.000000	0.858179	0.000000
	-152.600626	-75.037906	-22.867621	0.000000	0.000000	0.000000	0.792951	0.000000
	57.741114	182.264509	-56.733276	0.000000	0.000000	0.000000	1.424663	0.000000
	165.101035	188.680348	205.414471	0.000000	0.000000	0.000000	0.948526	0.000000
	-213.865665	148.767253	192.733021	0.000000	0.000000	0.000000	1.020832	0.000000
	215.386444	127.375539	-64.727711	0.000000	0.000000	0.000000	1.126097	0.000000
	-51.975072	-14.342317	-241.444814	0.000000	0.000000	0.000000	0.958394	0.000000
	33.407581	185.804682	105.697906	0.000000	0.000000	0.000000	0.842159	0.000000
	63.652099	-182.404480	-210.155573	0.000000	0.000000	0.000000	0.787263	0.000000
	72.528702	-164.228446	177.952582	0.000000	0.000000	0.000000	1.030635	0.000000
	24.983128	193.173980	208.188713	0.000000	0.000000	0.000000	0.875738	0.000000
	-215.406106	-156.605279	17.303251	0.000000	0.000000	0.000000	1.421481	0.000000
	231.232425	3.872998	185.159111	0.000000	0.000000	0.000000	0.833372	0.000000
	-78.961456	-189.792409	224.280411	0.000000	0.000000	0.000000	1.115783	0.000000
	56.947983	232.465862	-144.916057	0.000000	0.000000	0.000000	0.788683	0.000000
	-70.129909	-225.273292	220.910964	0.000000	0.000000	0.000000	0.888680	0.000000
	-179.570175	-135.961745	-94.278177	0.000000	0.000000	0.000000	0.653275	0.000000
	19.728614	201.777242	20.963515	0.000000	0.000000	0.000000	1.017271	0.000000
	40.417628	-12.511506	6.225571	0.000000	0.000000	0.000000	0.819534	0.000000
	-212.920706	-147.391818	131.498263	0.000000	0.000000	0.000000	0.899306	0.000000
	-168.203199	-68.559106	-225.355917	0.000000	0.000000	0.000000	0.837912	0.000000
	88.987223	183.673424	-206.461160	0.000000	0.000000	0.000000	0.868326	0.000000
	-78.787453	37.564675	168.976630	0.000000	0.000000	0.000000	1.042049	0.000000
	-9.818552	-231.897205	-223.813702	0.000000	0.000000	0.000000	0.771761	0.000000
	-182.242489	-215.847054	-90.581776	0.000000	0.000000	0.000000	0.884895	0.000000
	248.402165	52.552105	195.197876	0.000000	0.000000	0.000000	1.185272	0.000000
	-42.227340	-214.254628	-218.534425	0.000000	0.000000	0.000000	1.028495	0.000000
	-240.475889	-159.886655	-86.266401	0.000000	0.000000	0.000000	1.436986	0.000000
	-123.800219	-96.893225	-6.207927	0.000000	0.000000	0.000000	0.668546	0.000000
	66.852187	-225.700307	-34.279945	0.000000	0.000000	0.000000	1.218340	0.000000
	-71.769194	77.072377	32.770725	0.000000	0.000000	0.000000	1.180402	0.000000
	87.693267	-88.668040	-74.141912	0.000000	0.000000	0.000000	1.047472	0.000000
	33.500834	186.982696	-52.081928	0.000000	0.000000	0.000000	0.911315	0.000000
	235.537468	-128.552217	115.215092	0.000000	0.000000	0.000000	0.884575	0.000000
	-230.736321	3.564233	34.989348	0.000000	0.000000	0.000000	0.704098	0.000000
	-1.412621	-243.386874	26.332836	0.000000	0.000000	0.000000	1.233499	0.000000
	-167.300975	44.330751	-224.208702	0.000000	0.000000	0.000000	1.064348	0.000000
	-31.111921	93.842993	81.155276	0.000000	0.000000	0.000000	1.507746	0.000000
	128.998845	-71.461640	-169.311840	0.000000	0.000000	0.000000	0.911380	0.000000
	227.093232	33.669365	234.928194	0.000000	0.000000	0.000000	0.871844	0.000000
	-245.811412	-133.016739	188.280167	0.000000	0.000000	0.000000	0.788720	0.000000
	246.798152	-188.329450	-118.963222	0.000000	0.000000	0.000000	1.272937	0.000000
	-159.760699	205.886374	58.610948	0.000000	0.000000	0.000000	1.258046	0.000000
	-36.296470	-21.007540	26.062043	0.000000	0.000000	0.000000	0.847152	0.000000
	227.584367	46.019900	143.749834	0.000000	0.000000	0.000000	0.732366	0.000000
	-246.780750	240.659439	-190.468913	0.000000	0.000000	0.000000	0.898522	0.000000
	117.299777	59.066295	-30.218663	0.000000	0.000000	0.000000	0.871383	0.000000
	167.651855	-222.987581	111.005225	0.000000	0.000000	0.000000	1.187993	0.000000
	-28.306263	-159.006452	-25.525814	0.000000	0.000000	0.000000	0.784266	0.000000
	206.323472	137.936524	-163.238399	0.000000	0.000000	0.000000	0.953644	0.000000
	137.860268	28.216377	149.294897	0.000000	0.000000	0.000000	1.021188	0.000000
	-199.179078	-223.103379	-15.855855	0.000000	0.000000	0.000000	0.820266	0.000000
	3.735923	-167.904007	20.516246	0.000000	0.000000	0.000000	1.289062	0.000000
	120.475619	-11.118678	-175.522550	0.000000	0.000000	0.000000	0.786428	0.000000
	155.488603	-141.939182	-23.002890	0.000000	0.000000	0.000000	1.029482	0.000000
	-89.177244	-109.938732	-242.918620	0.000000	0.000000	0.000000	0.811557	0.000000
	120.399169	-98.451921	40.593331	0.000000	0.000000	0.000000	0.972873	0.000000
	-162.927217	-5.324695	-27.110934	0.000000	0.000000	0.000000	0.758342	0.000000
	18.069030	-91.826145	162.053863	0.000000	0.000000	0.000000	0.951267	0.000000
	67.747982	111.822332	-90.096099	0.000000	0.000000	0.000000	1.388496	0.000000
	-7.783816	-52.930859	18.129598	0.000000	0.000000	0.000000	1.039495	0.000000
	-149.919630	47.244042	-127.335325	0.000000	0.000000	0.000000	0.864344	0.000000
	221.317783	-77.858402	-69.217277	0.000000	0.000000	0.000000	1.118240	0.000000
	-45.580681	143.332958	176.762693	0.000000	0.000000	0.000000	1.078733	0.000000
	-51.279958	99.304115	84.911267	0.000000	0.000000	0.000000	0.893835	0.000000
	200.929485	229.952478	52.112552	0.000000	0.000000	0.000000	0.818822	0.000000
	55.679278	-57.654198	105.376247	0.000000	0.000000	0.000000	0.886343	0.000000
	154.145559	-203.376134	-46.079047	0.000000	0.000000	0.000000	0.866366	0.000000
	116.385359	243.593638	126.733845	0.000000	0.000000	0.000000	0.761692	0.000000
	21.094534	68.880569	100.421256	0.000000	0.000000	0.000000	0.791130	0.000000
	235.015912	-169.739574	234.112885	0.000000	0.000000	0.000000	0.871744	0.000000
	-185.058585	-183.100448	-83.083165	0.000000	0.000000	0.000000	0.718349	0.000000
	-91.363145	-181.455925	-70.686665	0.000000	0.000000	0.000000	1.371057	0.000000
	-1.524845	-5.638350	211.306101	0.000000	0.000000	0.000000	0.848464	0.000000
	32.405317	-178.615040	-69.742655	0.000000	0.000000	0.000000	0.727607	0.000000
	-12.412354	14.518550	193.612126	0.000000	0.000000	0.000000	0.928081	0.000000
	204.176138	-247.471110	98.596891	0.000000	0.000000	0.000000	1.076970	0.000000
	-194.925022	-49.859325	-197.601253	0.000000	0.000000	0.000000	1.562621	0.000000
	83.528572	-178.641456	-64.269186	0.000000	0.000000	0.000000	1.002581	0.000000
	-44.306936	-65.976620	24.499006	0.000000	0.000000	0.000000	0.798141	0.000000
	58.324845	33.876386	-222.904529	0.000000	0.000000	0.000000	1.090213	0.000000
	142.862097	-42.277045	179.893454	0.000000	0.000000	0.000000	0.731098	0.000000
	202.883357	139.478618	42.483280	0.000000	0.000000	0.000000	1.192212	0.000000
	94.369318	11.580577	42.368263	0.000000	0.000000	0.000000	0.739675	0.000000
	-127.280773	69.769558	-31.623278	0.000000	0.000000	0.000000	0.710420	0.000000
	-13.817517	-236.617515	-216.431593	0.000000	0.000000	0.000000	0.821802	0.000000
	51.347306	-201.565578	19.341975	0.000000	0.000000	0.000000	0.938175	0.000000
	-44.939025	205.911107	11.674871	0.000000	0.000000	0.000000	1.091190	0.000000
	-31.067553	-216.373715	45.916183	0.000000	0.000000	0.000000	0.952935	0.000000
	-201.912279	-197.143831	203.166150	0.000000	0.000000	0.000000	1.194299	0.000000
	-206.246369	6.184740	205.596421	0.000000	0.000000	0.000000	0.669172	0.000000
	55.679813	36.737485	30.241096	0.000000	0.000000	0.000000	0.860831	0.000000
	47.617450	-111.616738	60.211981	0.000000	0.000000	0.000000	0.943787	0.000000
	247.894499	-89.181275	235.523905	0.000000	0.000000	0.000000	0.952692	0.000000
	-115.558894	-163.093907	103.073107	0.000000	0.000000	0.000000	0.964774	0.000000
	-158.703069	4.983067	79.343063	0.000000	0.000000	0.000000	0.945520	0.000000
	-43.105774	92.623262	48.435768	0.000000	0.000000	0.000000	1.277686	0.000000
	-96.819177	-218.416378	-176.082196	0.000000	0.000000	0.000000	0.960429	0.000000
	169.426241	144.779477	20.605269	0.000000	0.000000	0.000000	1.139249	0.000000
	248.893858	249.387199	175.455343	0.000000	0.000000	0.000000	0.909781	0.000000
	205.247482	20.994098	-187.436060	0.000000	0.000000	0.000000	0.915963	0.000000
	-217.612927	-19.016462	-244.012413	0.000000	0.000000	0.000000	1.249894	0.000000
	-193.978190	92.620255	52.722643	0.000000	0.000000	0.000000	1.139015	0.000000
	213.948007	-26.318241	55.501146	0.000000	0.000000	0.000000	1.139099	0.000000
	89.671560	-156.018033	-222.227128	0.000000	0.000000	0.000000	1.005005	0.000000
	142.323342	-169.050211	-174.908719	0.000000	0.000000	0.000000	1.007353	0.000000
	31.356675	-116.589898	-182.651720	0.000000	0.000000	0.000000	0.834544	0.000000
	178.045350	-117.573574	216.548681	0.000000	0.000000	0.000000	1.015640	0.000000
	-31.741508	154.551134	-157.368946	0.000000	0.000000	0.000000	0.851835	0.000000
	-35.295289	174.538409	-72.608602	0.000000	0.000000	0.000000	1.276165	0.000000
	245.198720	144.593001	-135.270619	0.000000	0.000000	0.000000	0.564275	0.000000
	183.831868	-89.060408	-141.179825	0.000000	0.000000	0.000000	1.242678	0.000000
	239.779952	10.476274	-196.401445	0.000000	0.000000	0.000000	0.751297	0.000000
	100.672436	248.040423	199.092646	0.000000	0.000000	0.000000	0.737017	0.000000
	-59.725457	-232.497909	134.082367	0.000000	0.000000	0.000000	1.359006	0.000000
	-184.110354	178.577850	72.716892	0.000000	0.000000	0.000000	0.880142	0.000000
	-200.821399	-128.757151	37.470989	0.000000	0.000000	0.000000	0.937603	0.000000
	71.589310	47.373547	196.912667	0.000000	0.000000	0.000000	0.826745	0.000000
	-39.078192	127.436929	62.840679	0.000000	0.000000	0.000000	0.931972	0.000000
	58.127498	69.263995	-149.216743	0.000000	0.000000	0.000000	0.819857	0.000000
	-117.810210	164.944614	-196.702434	0.000000	0.000000	0.000000	0.809315	0.000000
	107.100671	141.051118	221.710342	0.000000	0.000000	0.000000	1.098293	0.000000
	135.139463	-22.909812	125.136745	0.000000	0.000000	0.000000	1.806060	0.000000
	-46.829437	235.452475	-236.054758	0.000000	0.000000	0.000000	0.675619	0.000000
	133.069398	235.251123	-4.018211	0.000000	0.000000	0.000000	1.012769	0.000000
	-235.928441	151.617136	-44.727927	0.000000	0.000000	0.000000	1.140636	0.000000
	-228.778437	-213.389692	-227.327162	0.000000	0.000000	0.000000	1.038822	0.000000
	18.726041	60.369731	175.217991	0.000000	0.000000	0.000000	0.891816	0.000000
	63.824532	188.329427	-125.045727	0.000000	0.000000	0.000000	1.134743	0.000000
	-94.605997	246.258614	165.725773	0.000000	0.000000	0.000000	1.142657	0.000000
	-247.600721	-9.424209	186.705718	0.000000	0.000000	0.000000	0.899555	0.000000
	-129.161072	-169.382285	-120.182069	0.000000	0.000000	0.000000	1.098498	0.000000
	26.589826	207.123815	177.303999	0.000000	0.000000	0.000000	0.868814	0.000000
	204.173296	-144.487209	-230.659293	0.000000	0.000000	0.000000	1.041510	0.000000
	100.341290	-94.599520	-140.091841	0.000000	0.000000	0.000000	0.619273	0.000000
	147.048174	-27.078307	-208.288576	0.000000	0.000000	0.000000	1.078805	0.000000
	11.789532	107.372235	28.063478	0.000000	0.000000	0.000000	0.811102	0.000000
	-153.895400	-128.305423	-142.910441	0.000000	0.000000	0.000000	0.950721	0.000000
	-117.941715	-75.273271	-106.254600	0.000000	0.000000	0.000000	1.457074	0.000000
	-126.683296	184.884847	-153.466456	0.000000	0.000000	0.000000	0.957937	0.000000
	84.180601	-237.105550	238.970692	0.000000	0.000000	0.000000	1.120404	0.000000
	224.725708	-245.579462	-180.806190	0.000000	0.000000	0.000000	0.931031	0.000000
	-246.043874	-110.144293	-120.530244	0.000000	0.000000	0.000000	0.996919	0.000000
	15.045317	16.638664	-110.527306	0.000000	0.000000	0.000000	1.100272	0.000000
	-53.012881	200.858733	-145.864287	0.000000	0.000000	0.000000	0.795777	0.000000
	-51.551230	190.131804	114.084504	0.000000	0.000000	0.000000	0.905619	0.000000
	189.536392	-217.531831	94.569810	0.000000	0.000000	0.000000	1.184346	0.000000
	-55.194096	-114.200892	-227.809365	0.000000	0.000000	0.000000	0.792702	0.000000
	228.661989	204.784794	-238.560923	0.000000	0.000000	0.000000	0.688448	0.000000
	10.435867	16.789399	-168.807454	0.000000	0.000000	0.000000	1.009642	0.000000
	-223.692217	170.528536	194.337306	0.000000	0.000000	0.000000	0.748968	0.000000
	-162.390728	159.398955	33.152116	0.000000	0.000000	0.000000	1.037465	0.000000
	6.105850	-66.214560	158.493451	0.000000	0.000000	0.000000	0.882956	0.000000
	-28.463586	220.885528	-72.070478	0.000000	0.000000	0.000000	1.176743	0.000000
	-196.871638	93.439392	49.919913	0.000000	0.000000	0.000000	0.878482	0.000000
	-219.585020	131.309246	200.206183	0.000000	0.000000	0.000000	0.917849	0.000000
	222.213016	-22.670789	5.951546	0.000000	0.000000	0.000000	1.175229	0.000000
	-111.653377	44.706209	133.697784	0.000000	0.000000	0.000000	1.474635	0.000000
	-166.443868	93.731110	107.990147	0.000000	0.000000	0.000000	1.121610	0.000000
	-58.132734	230.210597	-122.629810	0.000000	0.000000	0.000000	1.142346	0.000000
	81.353475	-140.545240	120.043949	0.000000	0.000000	0.000000	0.672770	0.000000
	68.372200	138.666406	-23.585842	0.000000	0.000000	0.000000	0.820456	0.000000
	81.955291	166.754011	31.346546	0.000000	0.000000	0.000000	1.195812	0.000000
	-232.986692	-240.628756	-231.801300	0.000000	0.000000	0.000000	1.345924	0.000000
	58.941166	90.693311	-241.480546	0.000000	0.000000	0.000000	0.853398	0.000000
	233.712223	-77.083618	172.390740	0.000000	0.000000	0.000000	1.158340	0.000000
	246.692368	-134.011250	-52.492779	0.000000	0.000000	0.000000	0.987232	0.000000
	-168.720979	168.763259	-138.943043	0.000000	0.000000	0.000000	1.014836	0.000000
	169.195030	52.613031	107.484804	0.000000	0.000000	0.000000	1.303721	0.000000
	-114.065623	-81.500498	212.774020	0.000000	0.000000	0.000000	0.921436	0.000000
	-34.716341	167.648370	4.409134	0.000000	0.000000	0.000000	1.085169	0.000000
	-164.039894	245.357835	124.171501	0.000000	0.000000	0.000000	0.985835	0.000000
	103.816656	185.058770	25.749193	0.000000	0.000000	0.000000	0.877017	0.000000
	22.352605	193.168300	101.962729	0.000000	0.000000	0.000000	0.875624	0.000000
	188.317036	-169.773835	248.149040	0.000000	0.000000	0.000000	1.054428	0.000000
	-242.145050	160.366954	-194.742247	0.000000	0.000000	0.000000	1.124192	0.000000
	-163.710352	-202.593820	24.603001	0.000000	0.000000	0.000000	0.809270	0.000000
	-221.050876	-224.353256	-13.827146	0.000000	0.000000	0.000000	1.252746	0.000000
	47.746790	-194.733965	199.326550	0.000000	0.000000	0.000000	1.087689	0.000000
	158.767174	-29.306786	-75.253479	0.000000	0.000000	0.000000	0.941114	0.000000
	114.033884	-32.084336	-116.732656	0.000000	0.000000	0.000000	0.900827	0.000000
	236.572926	37.947304	235.332799	0.000000	0.000000	0.000000	0.683288	0.000000
	170.641082	-192.705734	-147.831684	0.000000	0.000000	0.000000	0.638283	0.000000
	58.262372	205.880477	105.657403	0.000000	0.000000	0.000000	1.195160	0.000000
	174.773357	-180.848890	-50.022329	0.000000	0.000000	0.000000	1.119337	0.000000
	-232.956355	-212.400306	-65.938513	0.000000	0.000000	0.000000	0.968457	0.000000
	-36.929337	179.632229	212.793210	0.000000	0.000000	0.000000	0.935937	0.000000
	208.768740	28.078618	-15.040700	0.000000	0.000000	0.000000	1.161038	0.000000
	110.152097	-48.871302	20.934420	0.000000	0.000000	0.000000	0.783692	0.000000
	-57.850548	-197.307029	-52.354230	0.000000	0.000000	0.000000	1.190572	0.000000
	-93.646157	92.943492	-236.725082	0.000000	0.000000	0.000000	0.711073	0.000000
	-104.794594	135.521373	182.092882	0.000000	0.000000	0.000000	1.190163	0.000000
	131.017937	-92.120812	191.684163	0.000000	0.000000	0.000000	0.932925	0.000000
	129.501323	-224.404396	156.498971	0.000000	0.000000	0.000000	1.348550	0.000000
	75.355258	-38.232087	117.877234	0.000000	0.000000	0.000000	0.925479	0.000000
	131.125189	-75.880590	-47.748854	0.000000	0.000000	0.000000	1.235539	0.000000
	56.303223	161.947316	-166.905210	0.000000	0.000000	0.000000	1.216893	0.000000
	41.387017	238.364047	-121.842512	0.000000	0.000000	0.000000	1.068868	0.000000
	-54.602405	220.127637	-43.987945	0.000000	0.000000	0.000000	1.292039	0.000000
	-53.439157	243.476931	207.458122	0.000000	0.000000	0.000000	0.848408	0.000000
	1.665126	71.170330	52.586852	0.000000	0.000000	0.000000	1.467352	0.000000
	-54.086758	114.612237	151.889632	0.000000	0.000000	0.000000	1.264753	0.000000
	66.788565	-115.582617	-112.915609	0.000000	0.000000	0.000000	1.080193	0.000000
	147.959351	-196.567198	223.348916	0.000000	0.000000	0.000000	0.661392	0.000000
	-229.237541	-210.033979	157.272622	0.000000	0.000000	0.000000	0.929620	0.000000
	-42.528964	157.570840	-192.977760	0.000000	0.000000	0.000000	1.037044	0.000000
	37.061276	187.695838	182.764478	0.000000	0.000000	0.000000	1.116546	0.000000
	148.625596	84.126734	-87.011563	0.000000	0.000000	0.000000	0.913331	0.000000
	216.271056	223.364486	142.289878	0.000000	0.000000	0.000000	0.881101	0.000000
	231.903723	-138.264841	70.581290	0.000000	0.000000	0.000000	0.965093	0.000000
	192.751746	219.457299	-66.981718	0.000000	0.000000	0.000000	1.189297	0.000000
	-34.540844	86.086799	-112.607825	0.000000	0.000000	0.000000	1.060720	0.000000
	-144.482667	211.166556	-179.565282	0.000000	0.000000	0.000000	0.819820	0.000000
	-134.964437	169.979161	-70.585848	0.000000	0.000000	0.000000	0.768209	0.000000
	-36.281202	61.952935	-194.031625	0.000000	0.000000	0.000000	0.668807	0.000000
	7.577756	-150.464740	-145.893673	0.000000	0.000000	0.000000	0.790477	0.000000
	-76.490886	185.647927	248.950211	0.000000	0.000000	0.000000	1.140047	0.000000
	132.346643	-204.784671	149.759121	0.000000	0.000000	0.000000	1.091994	0.000000
	-36.932154	-178.896687	83.434237	0.000000	0.000000	0.000000	0.889514	0.000000
	148.713552	-169.365863	-113.728321	0.000000	0.000000	0.000000	1.362655	0.000000
	123.470132	33.441368	-175.333250	0.000000	0.000000	0.000000	1.162528	0.000000
	-242.027434	-241.610505	218.869201	0.000000	0.000000	0.000000	1.374876	0.000000
	-120.217459	204.342008	-213.467805	0.000000	0.000000	0.000000	1.371945	0.000000
	-64.842519	156.355935	-155.220639	0.000000	0.000000	0.000000	1.203543	0.000000
	147.445528	-78.471128	44.267490	0.000000	0.000000	0.000000	0.903756	0.000000
	-73.369750	-212.481413	152.161397	0.000000	0.000000	0.000000	1.104677	0.000000
	-13.993506	-76.933247	-108.591889	0.000000	0.000000	0.000000	1.140100	0.000000
	17.733084	174.026975	-38.347764	0.000000	0.000000	0.000000	1.434576	0.000000
	-173.640219	43.515921	171.110823	0.000000	0.000000	0.000000	1.024870	0.000000
	-3.123641	-44.930261	141.810244	0.000000	0.000000	0.000000	0.859093	0.000000
	-95.599774	28.755772	-231.908005	0.000000	0.000000	0.000000	1.050663	0.000000
	-124.450781	74.096678	-98.062134	0.000000	0.000000	0.000000	0.710348	0.000000
	-89.413743	-111.053493	-94.703568	0.000000	0.000000	0.000000	0.813436	0.000000
	-1.391611	-117.910735	-105.109069	0.000000	0.000000	0.000000	1.370024	0.000000
	-175.480961	-56.367849	86.676286	0.000000	0.000000	0.000000	1.142347	0.000000
	193.034960	-230.216100	41.419172	0.000000	0.000000	0.000000	0.978533	0.000000
	11.451653	-97.261887	-42.238516	0.000000	0.000000	0.000000	1.239780	0.000000
	100.707476	-185.387284	-244.795746	0.000000	0.000000	0.000000	0.692696	0.000000
	-32.724221	106.183735	10.159631	0.000000	0.000000	0.000000	0.855846	0.000000
	154.101990	122.987003	152.077268	0.000000	0.000000	0.000000	0.958233	0.000000
	146.054072	-105.352496	-167.521726	0.000000	0.000000	0.000000	1.031083	0.000000
	227.490949	92.087313	79.992649	0.000000	0.000000	0.000000	0.758366	0.000000
	204.807531	249.464014	-83.190820	0.000000	0.000000	0.000000	0.912180	0.000000
	-148.416215	5.679670	-205.534815	0.000000	0.000000	0.000000	1.039331	0.000000
	77.154596	140.139561	-132.276023	0.000000	0.000000	0.000000	1.161130	0.000000
	69.754129	89.256124	-140.915464	0.000000	0.000000	0.000000	0.975325	0.000000
	-119.964802	-207.349899	59.488838	0.000000	0.000000	0.000000	1.118400	0.000000
	-97.262404	-101.349295	-223.040028	0.000000	0.000000	0.000000	1.303306	0.000000
	-145.600434	-228.927539	-50.375173	0.000000	0.000000	0.000000	0.845811	0.000000
	-201.595711	-169.026447	98.407999	0.000000	0.000000	0.000000	0.746144	0.000000
	15.388282	111.087225	-139.843222	0.000000	0.000000	0.000000	1.163061	0.000000
	-247.885594	-42.151877	58.440536	0.000000	0.000000	0.000000	0.949255	0.000000
	-170.410256	-204.212116	-24.032915	0.000000	0.000000	0.000000	0.923057	0.000000
	82.301167	-154.095838	47.915471	0.000000	0.000000	0.000000	1.085950	0.000000
	-103.769568	-121.110764	236.072729	0.000000	0.000000	0.000000	1.133380	0.000000
	-69.162922	112.417181	0.139935	0.000000	0.000000	0.000000	0.707660	0.000000
	-140.705357	-165.637330	-88.965542	0.000000	0.000000	0.000000	0.993299	0.000000
	54.246184	-56.058156	-121.242385	0.000000	0.000000	0.000000	0.709966	0.000000
	133.988727	181.975961	109.795054	0.000000	0.000000	0.000000	1.055437	0.000000
	175.567409	-47.150195	178.960448	0.000000	0.000000	0.000000	1.214016	0.000000
	-109.864604	178.507340	-8.345404	0.000000	0.000000	0.000000	1.036974	0.000000
	-179.251248	-219.409283	-119.893472	0.000000	0.000000	0.000000	0.740341	0.000000
	181.736754	-229.869491	-81.449401	0.000000	0.000000	0.000000	1.103399	0.000000
	157.801598	203.890169	-38.180725	0.000000	0.000000	0.000000	1.175679	0.000000
	-7.023000	-153.211449	-33.722714	0.000000	0.000000	0.000000	0.873393	0.000000
	-209.550657	113.412288	102.997572	0.000000	0.000000	0.000000	0.703862	0.000000
	102.656757	-188.449335	186.817331	0.000000	0.000000	0.000000	1.358366	0.000000
	93.790008	-58.171111	93.065903	0.000000	0.000000	0.000000	0.826689	0.000000
	-76.565205	2.871217	154.893170	0.000000	0.000000	0.000000	0.882687	0.000000
	221.336843	31.624094	-157.884527	0.000000	0.000000	0.000000	1.197990	0.000000
	131.494642	-190.249934	236.264787	0.000000	0.000000	0.000000	0.984381	0.000000
	-107.268621	166.096442	-222.791080	0.000000	0.000000	0.000000	0.999850	0.000000
	-186.284646	108.968419	44.713596	0.000000	0.000000	0.000000	0.803774	0.000000
	-213.523928	-153.331321	132.199742	0.000000	0.000000	0.000000	0.647606	0.000000
	-53.710149	174.149452	-163.441030	0.000000	0.000000	0.000000	1.024944	0.000000
	-148.044754	91.271803	-127.737303	0.000000	0.000000	0.000000	0.730016	0.000000
	229.803939	24.160874	233.112544	0.000000	0.000000	0.000000	0.746063	0.000000
	-210.565853	14.139020	-160.354783	0.000000	0.000000	0.000000	1.020688	0.000000
	28.407361	37.851943	30.012851	0.000000	0.000000	0.000000	1.020755	0.000000
	-191.233576	192.201456	120.787089	0.000000	0.000000	0.000000	1.357983	0.000000
	31.120326	-54.120986	84.827485	0.000000	0.000000	0.000000	0.904473	0.000000
	81.625349	-16.669897	-63.392765	0.000000	0.000000	0.000000	1.233919	0.000000
	-11.381643	-108.916038	-145.973097	0.000000	0.000000	0.000000	0.847231	0.000000
	166.155032	-205.964026	-136.512783	0.000000	0.000000	0.000000	1.032549	0.000000
	168.495392	-3.901304	-219.159956	0.000000	0.000000	0.000000	0.949054	0.000000
	-95.507910	-100.301506	-144.621389	0.000000	0.000000	0.000000	0.702367	0.000000
	-197.371587	2.694369	119.385754	0.000000	0.000000	0.000000	0.906656	0.000000
	-7.355100	24.616617	-36.742568	0.000000	0.000000	0.000000	0.708209	0.000000
	-32.033617	231.378321	8.943472	0.000000	0.000000	0.000000	1.402317	0.000000
	-124.186151	1.987343	96.129436	0.000000	0.000000	0.000000	0.862797	0.000000
	223.544640	169.284331	-66.687620	0.000000	0.000000	0.000000	0.985048	0.000000
	231.539695	226.945055	-165.581084	0.000000	0.000000	0.000000	0.751591	0.000000
	214.472925	162.906456	152.165989	0.000000	0.000000	0.000000	0.818700	0.000000
	-132.385419	202.061116	-143.477066	0.000000	0.000000	0.000000	1.196608	0.000000
	14.159987	-160.733545	20.375643	0.000000	0.000000	0.000000	1.026667	0.000000
	22.006363	145.731162	107.394423	0.000000	0.000000	0.000000	0.946228	0.000000
	238.894521	-154.749684	-49.864555	0.000000	0.000000	0.000000	1.232745	0.000000
	-144.213738	-71.971918	167.010445	0.000000	0.000000	0.000000	0.945664	0.000000
	148.261785	129.493920	-96.653336	0.000000	0.000000	0.000000	1.027805	0.000000
	218.785337	-140.374870	-85.014906	0.000000	0.000000	0.000000	0.645158	0.000000
	232.935785	-231.632370	148.816517	0.000000	0.000000	0.000000	0.802029	0.000000
	231.949590	108.957628	-125.047155	0.000000	0.000000	0.000000	1.060843	0.000000
	-115.014259	191.505480	-0.767324	0.000000	0.000000	0.000000	1.300765	0.000000
	-40.392128	-125.901665	8.971723	0.000000	0.000000	0.000000	0.927296	0.000000
	-247.086082	-174.228288	140.567547	0.000000	0.000000	0.000000	0.952025	0.000000
	227.250347	241.908643	172.811807	0.000000	0.000000	0.000000	1.200614	0.000000
	-172.827642	-183.625741	-180.575126	0.000000	0.000000	0.000000	1.139250	0.000000
	192.697900	189.084061	-186.400560	0.000000	0.000000	0.000000	0.869417	0.000000
	-113.492692	-246.291925	-177.321655	0.000000	0.000000	0.000000	0.787230	0.000000
	107.040429	-95.292554	-183.162475	0.000000	0.000000	0.000000	0.930428	0.000000
	-26.038727	-103.812512	-12.405860	0.000000	0.000000	0.000000	0.942849	0.000000
	-210.424212	244.950598	-248.745710	0.000000	0.000000	0.000000	0.979774	0.000000
	105.853052	152.356975	117.246731	0.000000	0.000000	0.000000	1.115456	0.000000
	-158.333031	-140.904717	-204.709925	0.000000	0.000000	0.000000	1.340852	0.000000
	-76.542362	-189.001475	151.544887	0.000000	0.000000	0.000000	1.202754	0.000000
	147.614146	18.203730	146.337415	0.000000	0.000000	0.000000	1.004418	0.000000
	-71.814612	196.409651	-159.454027	0.000000	0.000000	0.000000	1.108913	0.000000
	82.980088	-124.152525	-53.973966	0.000000	0.000000	0.000000	0.956479	0.000000
	8.313014	49.317742	-214.651293	0.000000	0.000000	0.000000	0.917596	0.000000
	118.628779	-76.706086	-190.311643	0.000000	0.000000	0.000000	1.203442	0.000000
	-97.933559	84.082082	89.263324	0.000000	0.000000	0.000000	0.909851	0.000000
	58.017835	-168.846671	40.030078	0.000000	0.000000	0.000000	0.687109	0.000000
	218.860251	103.166389	29.101321	0.000000	0.000000	0.000000	0.807798	0.000000
	-15.737972	-222.711913	-3.574827	0.000000	0.000000	0.000000	1.012022	0.000000
	122.074103	201.358956	32.964246	0.000000	0.000000	0.000000	1.350498	0.000000
	-218.671428	111.616157	173.448169	0.000000	0.000000	0.000000	0.985780	0.000000
	103.136969	-155.232962	-76.462003	0.000000	0.000000	0.000000	0.993787	0.000000
	74.832005	29.166979	-167.393287	0.000000	0.000000	0.000000	0.812885	0.000000
	5.213844	231.842812	77.817873	0.000000	0.000000	0.000000	0.873626	0.000000
	115.488537	-203.115552	189.219933	0.000000	0.000000	0.000000	0.854484	0.000000
	-228.777127	-218.930360	86.641216	0.000000	0.000000	0.000000	0.911471	0.000000
	227.761514	181.556878	-96.596003	0.000000	0.000000	0.000000	0.894776	0.000000
	-190.048868	226.703285	75.429503	0.000000	0.000000	0.000000	0.927717	0.000000
	-145.716693	65.398321	-127.185768	0.000000	0.000000	0.000000	1.112818	0.000000
	-17.456019	29.146718	106.941262	0.000000	0.000000	0.000000	0.592721	0.000000
	-208.237362	-234.576773	234.183257	0.000000	0.000000	0.000000	0.816471	0.000000
	-147.575502	-102.367305	209.810583	0.000000	0.000000	0.000000	1.197128	0.000000
	171.892940	113.982497	-139.332357	0.000000	0.000000	0.000000	1.243669	0.000000
	219.036005	-73.974752	-195.279384	0.000000	0.000000	0.000000	0.839475	0.000000
	-190.046753	94.557551	-55.970869	0.000000	0.000000	0.000000	1.233036	0.000000
	166.164067	238.614994	101.054671	0.000000	0.000000	0.000000	0.624155	0.000000
	-179.141228	-216.014523	5.874607	0.000000	0.000000	0.000000	0.922051	0.000000
	-143.935592	1.373505	199.030547	0.000000	0.000000	0.000000	0.743591	0.000000
	-99.520797	-182.620950	103.657802	0.000000	0.000000	0.000000	0.838778	0.000000
	39.353618	-32.135756	-68.353873	0.000000	0.000000	0.000000	0.916141	0.000000
	196.194498	158.147068	241.331721	0.000000	0.000000	0.000000	0.813293	0.000000
	184.019448	-217.087745	221.172915	0.000000	0.000000	0.000000	1.039771	0.000000
	197.031477	9.442732	160.199817	0.000000	0.000000	0.000000	0.927320	0.000000
	205.589206	-125.872556	-171.493920	0.000000	0.000000	0.000000	1.239542	0.000000
	-44.114508	-234.894139	-35.352914	0.000000	0.000000	0.000000	1.465927	0.000000
	-167.380130	51.107111	-60.255186	0.000000	0.000000	0.000000	0.886788	0.000000
	51.907757	-115.828432	-108.091213	0.000000	0.000000	0.000000	1.115849	0.000000
	94.248509	27.082641	81.074699	0.000000	0.000000	0.000000	0.782885	0.000000
	136.280515	9.184150	157.263348	0.000000	0.000000	0.000000	1.050067	0.000000
	242.488708	-96.878660	-24.410445	0.000000	0.000000	0.000000	1.053659	0.000000
	-143.692273	230.180557	-113.078474	0.000000	0.000000	0.000000	0.869674	0.000000
	198.213345	-232.187233	235.403337	0.000000	0.000000	0.000000	0.726395	0.000000
	151.697116	-166.288561	-236.341239	0.000000	0.000000	0.000000	0.923688	0.000000
	-39.822934	163.086103	158.139824	0.000000	0.000000	0.000000	1.093129	0.000000
	-187.749062	37.110267	-241.758601	0.000000	0.000000	0.000000	1.196951	0.000000
	-142.607766	42.725299	163.846871	0.000000	0.000000	0.000000	0.906178	0.000000
	-155.350085	-245.810229	-14.053488	0.000000	0.000000	0.000000	0.960444	0.000000
	-199.704843	-23.735953	8.167965	0.000000	0.000000	0.000000	0.779214	0.000000
	209.131902	155.894789	195.145685	0.000000	0.000000	0.000000	1.146461	0.000000
	-84.388741	80.131434	185.153756	0.000000	0.000000	0.000000	0.873844	0.000000
	185.603295	-84.800378	-209.200292	0.000000	0.000000	0.000000	0.846001	0.000000
	41.679825	-217.091588	32.519152	0.000000	0.000000	0.000000	1.104158	0.000000
	-67.960722	134.827326	12.565471	0.000000	0.000000	0.000000	1.188174	0.000000
	89.423906	164.490827	-249.831683	0.000000	0.000000	0.000000	0.970531	0.000000
	-174.993671	179.226226	-182.810114	0.000000	0.000000	0.000000	0.813523	0.000000
	-180.984031	202.789979	3.224379	0.000000	0.000000	0.000000	0.835285	0.000000
	123.698188	22.118635	73.146747	0.000000	0.000000	0.000000	0.890500	0.000000
	-109.937517	-187.308443	81.357361	0.000000	0.000000	0.000000	1.093895	0.000000
	-29.925152	-172.433269	-54.841629	0.000000	0.000000	0.000000	0.689156	0.000000
	-76.242925	-137.041555	-171.938295	0.000000	0.000000	0.000000	1.119836	0.000000
	200.528915	-5.137280	-84.604654	0.000000	0.000000	0.000000	1.082008	0.000000
	112.586844	-217.768957	161.664414	0.000000	0.000000	0.000000	1.295041	0.000000
	-213.436205	-249.889147	-234.975030	0.000000	0.000000	0.000000	0.878454	0.000000
	-219.260267	249.407686	-34.630845	0.000000	0.000000	0.000000	1.286810	0.000000
	-72.291537	162.845745	233.488571	0.000000	0.000000	0.000000	1.177573	0.000000
	-38.627697	165.856072	1.086153	0.000000	0.000000	0.000000	0.935113	0.000000
	133.373148	49.861724	-144.447747	0.000000	0.000000	0.000000	1.045653	0.000000
	152.078010	58.837214	79.325886	0.000000	0.000000	0.000000	0.987404	0.000000
	-228.063791	-170.307078	245.634239	0.000000	0.000000	0.000000	1.173085	0.000000
	-176.026753	-196.662734	-121.744056	0.000000	0.000000	0.000000	1.023810	0.000000
	211.054221	-184.546071	199.353520	0.000000	0.000000	0.000000	1.029479	0.000000
	133.857022	-162.540666	45.971981	0.000000	0.000000	0.000000	1.044876	0.000000
	218.593474	-152.204619	-67.200841	0.000000	0.000000	0.000000	0.965806	0.000000
	-202.631186	-99.824849	-61.609660	0.000000	0.000000	0.000000	1.045057	0.000000
	211.125915	-180.332868	163.494825	0.000000	0.000000	0.000000	1.233154	0.000000
	132.021692	-29.977819	70.001989	0.000000	0.000000	0.000000	0.909022	0.000000
	-145.339964	240.144863	24.064678	0.000000	0.000000	0.000000	0.964529	0.000000
	143.099466	70.919868	-181.104353	0.000000	0.000000	0.000000	1.334917	0.000000
	108.425019	-4.331506	-225.679594	0.000000	0.000000	0.000000	1.280552	0.000000
	-25.315130	159.136424	190.075355	0.000000	0.000000	0.000000	0.898056	0.000000
	71.988275	-64.449366	-148.208235	0.000000	0.000000	0.000000	1.067151	0.000000
	163.274556	9.046744	119.694133	0.000000	0.000000	0.000000	1.183722	0.000000
	167.168021	184.579614	70.967753	0.000000	0.000000	0.000000	1.163397	0.000000
	-98.494627	157.304918	79.824324	0.000000	0.000000	0.000000	1.156389	0.000000
	244.986545	89.274425	165.765141	0.000000	0.000000	0.000000	0.620235	0.000000
	149.281251	100.120523	190.489382	0.000000	0.000000	0.000000	1.028000	0.000000
	171.242023	-22.434701	169.564566	0.000000	0.000000	0.000000	1.278466	0.000000
	-129.297859	-151.362682	-179.724553	0.000000	0.000000	0.000000	1.016519	0.000000
	244.832862	-208.862871	228.641103	0.000000	0.000000	0.000000	0.887260	0.000000
	163.965965	-73.189004	101.387796	0.000000	0.000000	0.000000	1.062495	0.000000
	212.318973	190.972328	-244.502381	0.000000	0.000000	0.000000	1.109519	0.000000
	228.706074	-220.771143	171.414926	0.000000	0.000000	0.000000	1.193451	0.000000
	-4.172827	167.125373	-35.841403	0.000000	0.000000	0.000000	0.985937	0.000000
	170.292346	-139.909770	5.748145	0.000000	0.000000	0.000000	0.861292	0.000000
	-149.296106	-194.103567	-166.375129	0.000000	0.000000	0.000000	0.940588	0.000000
	112.604220	-203.600111	-130.135187	0.000000	0.000000	0.000000	0.946267	0.000000
	-180.731367	-44.247903	-16.437484	0.000000	0.000000	0.000000	0.774246	0.000000
	199.606190	229.010041	-227.651405	0.000000	0.000000	0.000000	1.297801	0.000000
	77.402135	-36.369991	183.381932	0.000000	0.000000	0.000000	0.860744	0.000000
	-219.067140	-120.314414	242.999366	0.000000	0.000000	0.000000	0.788466	0.000000
	-168.048057	121.896246	9.792469	0.000000	0.000000	0.000000	0.677398	0.000000
	10.484912	-37.107679	211.773897	0.000000	0.000000	0.000000	1.071999	0.000000
	-109.000189	236.858187	-211.169539	0.000000	0.000000	0.000000	0.935198	0.000000
	191.711228	239.486948	54.415306	0.000000	0.000000	0.000000	0.699812	0.000000
	7.699378	134.406108	-162.600261	0.000000	0.000000	0.000000	1.188612	0.000000
	-227.264527	-71.966217	120.462178	0.000000	0.000000	0.000000	1.105016	0.000000
	111.664829	-64.997003	-94.956672	0.000000	0.000000	0.000000	1.354190	0.000000
	-86.916562	192.744220	100.276855	0.000000	0.000000	0.000000	0.922247	0.000000
	-11.106837	68.498488	96.964822	0.000000	0.000000	0.000000	0.855441	0.000000
	52.621711	-102.916950	152.697863	0.000000	0.000000	0.000000	0.924791	0.000000
	-177.515340	74.146065	-12.847040	0.000000	0.000000	0.000000	0.922773	0.000000
	91.316311	31.308459	247.799908	0.000000	0.000000	0.000000	0.648869	0.000000
	-45.050270	-115.108150	58.439586	0.000000	0.000000	0.000000	0.808208	0.000000
	-209.498373	-118.649559	109.724404	0.000000	0.000000	0.000000	1.236970	0.000000
	-123.454915	15.106135	-88.994264	0.000000	0.000000	0.000000	0.966503	0.000000
	-194.568896	193.427298	-89.322000	0.000000	0.000000	0.000000	0.834384	0.000000
	-25.447790	210.851213	-172.795266	0.000000	0.000000	0.000000	0.959269	0.000000
	-219.590198	102.256057	-82.787269	0.000000	0.000000	0.000000	0.978211	0.000000
	-231.528001	-209.764569	-236.656465	0.000000	0.000000	0.000000	1.150079	0.000000
	-104.179355	-99.880513	-34.077576	0.000000	0.000000	0.000000	1.023771	0.000000
	-189.792847	-64.110596	160.820716	0.000000	0.000000	0.000000	1.512050	0.000000
	-195.634210	157.449598	-120.849207	0.000000	0.000000	0.000000	0.679350	0.000000
	-177.784042	-221.184384	-60.577281	0.000000	0.000000	0.000000	0.890171	0.000000
	-246.540260	195.540756	171.241416	0.000000	0.000000	0.000000	0.953991	0.000000
	-175.015363	-7.394229	-164.083224	0.000000	0.000000	0.000000	1.031697	0.000000
	134.732424	84.140505	-146.269293	0.000000	0.000000	0.000000	0.891634	0.000000
	-18.275766	-15.136542	-36.395191	0.000000	0.000000	0.000000	1.327475	0.000000
	-198.014629	-58.225410	107.425230	0.000000	0.000000	0.000000	0.927239	0.000000
	203.033619	-215.761714	-115.845231	0.000000	0.000000	0.000000	0.980519	0.000000
	-17.259182	-209.948802	48.470975	0.000000	0.000000	0.000000	1.253325	0.000000
	-193.272789	35.671807	157.960702	0.000000	0.000000	0.000000	1.584572	0.000000
	116.580384	-140.876930	-176.691703	0.000000	0.000000	0.000000	0.914841	0.000000
	217.558257	-199.287865	72.700070	0.000000	0.000000	0.000000	1.034067	0.000000
	71.739232	-41.621463	-52.732754	0.000000	0.000000	0.000000	0.722048	0.000000
	174.814391	-24.444963	122.066501	0.000000	0.000000	0.000000	0.831442	0.000000
	61.279575	54.121849	-21.386420	0.000000	0.000000	0.000000	0.943108	0.000000
	-83.978171	63.473459	-179.439860	0.000000	0.000000	0.000000	0.929223	0.000000
	79.486419	-247.743104	-86.541994	0.000000	0.000000	0.000000	1.099317	0.000000
	59.535526	-241.347445	24.730129	0.000000	0.000000	0.000000	0.748837	0.000000
	-52.400857	-236.251570	-129.925303	0.000000	0.000000	0.000000	0.754687	0.000000
	-54.739088	-93.053244	-105.772761	0.000000	0.000000	0.000000	1.256391	0.000000
	-180.016896	-179.340963	-177.112965	0.000000	0.000000	0.000000	0.739265	0.000000
	234.991906	143.809696	-15.154449	0.000000	0.000000	0.000000	1.322930	0.000000
	-60.495683	179.121845	59.488244	0.000000	0.000000	0.000000	0.946213	0.000000
	138.479638	159.578172	-35.766392	0.000000	0.000000	0.000000	1.005768	0.000000
	33.848877	131.183746	-66.298763	0.000000	0.000000	0.000000	0.753786	0.000000
	244.853254	-204.433174	-75.072212	0.000000	0.000000	0.000000	1.364636	0.000000
	88.131925	-30.421438	-61.686644	0.000000	0.000000	0.000000	0.947665	0.000000
	-134.491387	-240.218310	-211.466444	0.000000	0.000000	0.000000	0.974685	0.000000
	-134.448334	-20.161491	120.583717	0.000000	0.000000	0.000000	0.796903	0.000000
	128.304863	202.307160	247.034681	0.000000	0.000000	0.000000	0.665246	0.000000
	202.867830	47.651635	161.117130	0.000000	0.000000	0.000000	1.095392	0.000000
	-150.774996	-159.244048	-213.963377	0.000000	0.000000	0.000000	0.716685	0.000000
	148.511614	136.996391	154.014129	0.000000	0.000000	0.000000	1.257670	0.000000
	-22.712350	217.291580	90.298135	0.000000	0.000000	0.000000	0.734364	0.000000
	-248.567202	166.344231	58.796678	0.000000	0.000000	0.000000	0.909423	0.000000
	221.440465	212.833276	245.495305	0.000000	0.000000	0.000000	0.725019	0.000000
	-248.403442	-178.289677	-121.366493	0.000000	0.000000	0.000000	0.910695	0.000000
	11.738255	206.982768	-195.114640	0.000000	0.000000	0.000000	1.162026	0.000000
	-234.386312	-171.569093	-30.009434	0.000000	0.000000	0.000000	0.867278	0.000000
	0.988336	103.669179	39.318055	0.000000	0.000000	0.000000	0.878312	0.000000
	-128.375567	-23.898747	-4.187553	0.000000	0.000000	0.000000	1.301815	0.000000
	85.207326	218.023750	-174.553606	0.000000	0.000000	0.000000	1.060821	0.000000
	-240.879540	-247.866907	-64.624434	0.000000	0.000000	0.000000	1.046112	0.000000
	-228.834208	-235.268763	-126.154240	0.000000	0.000000	0.000000	0.835976	0.000000
	110.984950	207.877996	-0.336962	0.000000	0.000000	0.000000	1.136719	0.000000
	-74.342781	124.244310	143.009567	0.000000	0.000000	0.000000	1.017555	0.000000
	-19.153456	-25.920416	57.154676	0.000000	0.000000	0.000000	0.844117	0.000000
	-202.449518	-205.925432	-93.882224	0.000000	0.000000	0.000000	1.156742	0.000000
	165.873966	-69.819078	-125.318324	0.000000	0.000000	0.000000	0.932393	0.000000
	-187.725637	-166.301345	-46.722076	0.000000	0.000000	0.000000	1.234308	0.000000
	-151.533262	-210.318158	-213.645285	0.000000	0.000000	0.000000	0.966758	0.000000
	-99.270496	50.889092	249.418086	0.000000	0.000000	0.000000	0.839366	0.000000
	-56.830808	-195.686635	79.956496	0.000000	0.000000	0.000000	1.028693	0.000000
	-52.654580	-143.836451	-83.253596	0.000000	0.000000	0.000000	0.936900	0.000000
	226.193375	-152.062409	48.980463	0.000000	0.000000	0.000000	0.833586	0.000000
	-89.030121	-196.279833	-183.705221	0.000000	0.000000	0.000000	1.249194	0.000000
	-87.721793	-228.422854	104.690345	0.000000	0.000000	0.000000	1.290559	0.000000
	127.274395	151.259907	179.378268	0.000000	0.000000	0.000000	0.765147	0.000000
	-190.573726	-91.104615	-79.174897	0.000000	0.000000	0.000000	0.889359	0.000000
	-42.199011	-39.766745	-183.481032	0.000000	0.000000	0.000000	0.871960	0.000000
	-55.691387	-57.043645	-53.050070	0.000000	0.000000	0.000000	1.104976	0.000000
	51.100821	116.089697	-203.379118	0.000000	0.000000	0.000000	1.065603	0.000000
	127.171554	-150.224501	-13.515914	0.000000	0.000000	0.000000	1.366312	0.000000
	28.698180	186.223768	14.215144	0.000000	0.000000	0.000000	1.122574	0.000000
	210.797830	-119.742792	237.179881	0.000000	0.000000	0.000000	1.007561	0.000000
	-164.748480	-120.212555	-46.621095	0.000000	0.000000	0.000000	1.121927	0.000000
	-223.165607	-209.187895	219.667753	0.000000	0.000000	0.000000	1.102961	0.000000
	79.735986	176.797943	167.958440	0.000000	0.000000	0.000000	1.407325	0.000000
	211.243399	-129.212953	-45.060303	0.000000	0.000000	0.000000	1.315849	0.000000
	-49.457298	248.650233	-226.797461	0.000000	0.000000	0.000000	1.285890	0.000000
	-80.491535	219.231811	245.712775	0.000000	0.000000	0.000000	0.865903	0.000000
	214.642836	-83.769225	18.522191	0.000000	0.000000	0.000000	1.149443	0.000000
	103.675173	208.099750	-74.769169	0.000000	0.000000	0.000000	1.098379	0.000000
	203.754123	-15.996933	-71.568211	0.000000	0.000000	0.000000	1.084104	0.000000
	-61.275360	-118.568245	-21.096027	0.000000	0.000000	0.000000	1.101017	0.000000
	221.929653	207.770664	142.171573	0.000000	0.000000	0.000000	1.058049	0.000000
	-131.792497	-74.408678	-17.130554	0.000000	0.000000	0.000000	0.996682	0.000000
	-244.213871	153.245448	129.542694	0.000000	0.000000	0.000000	0.870371	0.000000
	-113.676860	-138.011803	32.449004	0.000000	0.000000	0.000000	1.092556	0.000000
	167.374040	-230.523941	85.457613	0.000000	0.000000	0.000000	1.252501	0.000000
	80.866910	172.288424	216.756692	0.000000	0.000000	0.000000	0.924899	0.000000
	-20.860631	-223.364159	28.442414	0.000000	0.000000	0.000000	0.920595	0.000000
	147.770907	-149.985193	-110.532779	0.000000	0.000000	0.000000	0.786452	0.000000
	173.906707	-103.819579	52.449426	0.000000	0.000000	0.000000	0.897935	0.000000
	100.135662	-9.200125	7.334653	0.000000	0.000000	0.000000	1.183823	0.000000
	-234.373234	-88.389373	180.092009	0.000000	0.000000	0.000000	1.181400	0.000000
	-14.530971	146.777924	-225.015394	0.000000	0.000000	0.000000	0.959421	0.000000
	-31.962494	-102.794100	53.658032	0.000000	0.000000	0.000000	0.974363	0.000000
	196.294826	177.055570	17.002685	0.000000	0.000000	0.000000	0.997439	0.000000
	-233.254070	220.871529	83.310088	0.000000	0.000000	0.000000	1.423556	0.000000
	-183.751437	85.103957	27.544304	0.000000	0.000000	0.000000	1.125929	0.000000
	-24.784515	-86.063209	245.882505	0.000000	0.000000	0.000000	1.294895	0.000000
	74.857155	64.196873	185.801182	0.000000	0.000000	0.000000	0.664952	0.000000
	33.475234	-61.018236	236.101077	0.000000	0.000000	0.000000	0.679380	0.000000
	171.391019	-218.710011	179.883263	0.000000	0.000000	0.000000	0.691238	0.000000
	-94.478874	133.904357	-178.134242	0.000000	0.000000	0.000000	1.000851	0.000000
	23.829379	-146.817694	21.002851	0.000000	0.000000	0.000000	0.972811	0.000000
	-91.914202	-29.248464	167.411289	0.000000	0.000000	0.000000	1.015902	0.000000
	201.859103	223.359830	246.597069	0.000000	0.000000	0.000000	1.143250	0.000000
	-142.137257	-138.569544	54.807870	0.000000	0.000000	0.000000	1.024400	0.000000
	132.629044	-201.948359	-235.374440	0.000000	0.000000	0.000000	0.894884	0.000000
	-129.973446	214.022499	14.495303	0.000000	0.000000	0.000000	0.759160	0.000000
	-219.238969	68.602671	43.217018	0.000000	0.000000	0.000000	1.014484	0.000000
	194.335346	-38.133650	134.631217	0.000000	0.000000	0.000000	1.091146	0.000000
	-140.824037	79.442051	150.426466	0.000000	0.000000	0.000000	0.757614	0.000000
	-60.252976	-164.460217	167.193159	0.000000	0.000000	0.000000	1.031241	0.000000
	-221.301089	-176.324209	-53.480299	0.000000	0.000000	0.000000	1.123497	0.000000
	196.338704	230.433828	229.679738	0.000000	0.000000	0.000000	1.092313	0.000000
	203.571019	-158.623510	248.767316	0.000000	0.000000	0.000000	0.980384	0.000000
	-128.824560	102.305189	115.742765	0.000000	0.000000	0.000000	0.877742	0.000000
	247.368291	153.156943	-115.585926	0.000000	0.000000	0.000000	0.871617	0.000000
	-34.875777	220.422178	118.437356	0.000000	0.000000	0.000000	1.402314	0.000000
	-4.925382	-44.549563	-149.039949	0.000000	0.000000	0.000000	0.787274	0.000000
	-92.218183	-133.729241	19.876578	0.000000	0.000000	0.000000	0.990220	0.000000
	130.728101	215.132290	6.293198	0.000000	0.000000	0.000000	0.926179	0.000000
	-148.684267	-54.643064	22.590398	0.000000	0.000000	0.000000	1.018435	0.000000
	122.756602	107.991076	176.667662	0.000000	0.000000	0.000000	0.797277	0.000000
	70.044532	-197.403608	67.995302	0.000000	0.000000	0.000000	1.129886	0.000000
	147.799525	-66.236849	177.780100	0.000000	0.000000	0.000000	1.068250	0.000000
	147.752745	-126.792435	-154.842261	0.000000	0.000000	0.000000	1.223967	0.000000
	-3.808299	-122.021054	-233.208742	0.000000	0.000000	0.000000	1.245033	0.000000
	-17.863261	-147.839986	-107.293941	0.000000	0.000000	0.000000	0.923290	0.000000
	-81.619737	187.070152	186.442926	0.000000	0.000000	0.000000	0.881867	0.000000
	55.359688	41.001968	-24.292140	0.000000	0.000000	0.000000	1.023056	0.000000
	-93.392397	-136.343679	-52.826476	0.000000	0.000000	0.000000	1.077621	0.000000
	90.629641	79.737882	-181.819952	0.000000	0.000000	0.000000	1.569717	0.000000
	0.329654	-26.500219	-50.450872	0.000000	0.000000	0.000000	0.924497	0.000000
	183.016249	-90.757284	-146.575272	0.000000	0.000000	0.000000	1.299708	0.000000
	5.133031	-204.911591	68.735497	0.000000	0.000000	0.000000	0.919453	0.000000
	-194.115797	135.637602	234.294946	0.000000	0.000000	0.000000	1.163569	0.000000
	172.197810	160.033622	-16.599518	0.000000	0.000000	0.000000	1.440845	0.000000
	127.070241	203.140331	227.034874	0.000000	0.000000	0.000000	0.974410	0.000000
	127.627822	-58.136410	174.811064	0.000000	0.000000	0.000000	1.299401	0.000000
	-160.673113	-1.289999	121.474485	0.000000	0.000000	0.000000	0.849764	0.000000
	-172.378550	-244.925351	-96.201985	0.000000	0.000000	0.000000	1.095418	0.000000
	-238.022140	-105.292955	198.606629	0.000000	0.000000	0.000000	1.063126	0.000000
	-100.820281	4.311518	147.362630	0.000000	0.000000	0.000000	0.897963	0.000000
	-25.725768	-144.272028	-152.811554	0.000000	0.000000	0.000000	1.497519	0.000000
	-58.442322	-227.932052	-52.313618	0.000000	0.000000	0.000000	0.895340	0.000000
	197.820616	-159.606572	96.638257	0.000000	0.000000	0.000000	0.854478	0.000000
	235.317415	7.719493	210.790014	0.000000	0.000000	0.000000	0.960965	0.000000
	-129.276855	150.255709	-218.385384	0.000000	0.000000	0.000000	0.794679	0.000000
	-82.772841	238.437364	236.445829	0.000000	0.000000	0.000000	1.002593	0.000000
	-183.656830	-37.464643	-156.464386	0.000000	0.000000	0.000000	0.975279	0.000000
	186.876988	86.202697	151.565320	0.000000	0.000000	0.000000	1.013593	0.000000
	-7.928100	-79.961004	-27.423627	0.000000	0.000000	0.000000	1.071702	0.000000
	54.856199	71.734129	-228.724357	0.000000	0.000000	0.000000	0.919797	0.000000
	-16.489875	-35.340580	-47.104399	0.000000	0.000000	0.000000	0.966727	0.000000
	-134.930544	-197.256009	-35.247837	0.000000	0.000000	0.000000	0.812309	0.000000
	127.188486	148.253757	-96.700720	0.000000	0.000000	0.000000	1.776994	0.000000
	-93.526029	-94.304450	43.500496	0.000000	0.000000	0.000000	1.032604	0.000000
	111.772243	170.238933	-138.655093	0.000000	0.000000	0.000000	0.808901	0.000000
	-123.839788	-179.993120	99.988664	0.000000	0.000000	0.000000	0.778712	0.000000
	-78.305314	203.236532	182.593382	0.000000	0.000000	0.000000	0.983105	0.000000
	-9.901650	60.930459	22.960497	0.000000	0.000000	0.000000	0.845347	0.000000
	236.534230	248.863780	44.592391	0.000000	0.000000	0.000000	1.232886	0.000000
	120.618109	-234.484346	99.620381	0.000000	0.000000	0.000000	0.922528	0.000000
	-183.772105	-227.732875	19.013952	0.000000	0.000000	0.000000	0.963484	0.000000
	234.705977	36.050334	210.788032	0.000000	0.000000	0.000000	0.691342	0.000000
	-83.444996	-67.276837	-233.043908	0.000000	0.000000	0.000000	0.863907	0.000000
	236.574663	-64.305851	-123.461784	0.000000	0.000000	0.000000	0.933583	0.000000
	-103.662638	136.704527	-103.209747	0.000000	0.000000	0.000000	0.803537	0.000000
	204.798432	-150.448914	35.856126	0.000000	0.000000	0.000000	1.111392	0.000000
	27.645095	-137.082351	77.952263	0.000000	0.000000	0.000000	0.991315	0.000000
	65.566918	230.197066	66.617787	0.000000	0.000000	0.000000	0.638617	0.000000
	138.985315	83.474319	232.447245	0.000000	0.000000	0.000000	1.174475	0.000000
	-127.052810	202.498911	-193.713187	0.000000	0.000000	0.000000	0.731549	0.000000
	50.430332	177.311165	11.679011	0.000000	0.000000	0.000000	0.746266	0.000000
	66.047173	-16.157287	247.807325	0.000000	0.000000	0.000000	0.800934	0.000000
	50.655568	-62.002376	-77.894269	0.000000	0.000000	0.000000	1.017504	0.000000
	229.990804	-65.389473	171.090197	0.000000	0.000000	0.000000	0.872507	0.000000
	211.200320	95.400747	-84.697477	0.000000	0.000000	0.000000	0.928219	0.000000
	192.532410	-63.683700	-68.727707	0.000000	0.000000	0.000000	0.742852	0.000000
	-231.879019	-179.249052	116.442268	0.000000	0.000000	0.000000	0.689218	0.000000
	241.798270	-144.598600	-171.275148	0.000000	0.000000	0.000000	0.830231	0.000000
	-94.417029	46.796893	-19.931178	0.000000	0.000000	0.000000	0.833173	0.000000
	63.475922	-234.182430	-179.558000	0.000000	0.000000	0.000000	1.077794	0.000000
	-143.724978	199.163877	51.376264	0.000000	0.000000	0.000000	1.096173	0.000000
	207.359753	104.853755	116.205243	0.000000	0.000000	0.000000	0.997447	0.000000
	-17.216062	39.797562	202.258796	0.000000	0.000000	0.000000	1.137252	0.000000
	-99.980193	139.937982	-131.216578	0.000000	0.000000	0.000000	1.005112	0.000000
	126.213314	126.665577	194.890121	0.000000	0.000000	0.000000	0.868087	0.000000
	-134.443847	71.069647	-6.084111	0.000000	0.000000	0.000000	1.272736	0.000000
	-27.535199	85.696142	228.396317	0.000000	0.000000	0.000000	1.030185	0.000000
	135.507569	-125.382976	199.027841	0.000000	0.000000	0.000000	1.305684	0.000000
	-215.890747	179.250335	-206.744507	0.000000	0.000000	0.000000	0.738361	0.000000
	10.039456	-99.006147	86.955589	0.000000	0.000000	0.000000	1.422141	0.000000
	-92.296149	-176.333614	0.005457	0.000000	0.000000	0.000000	1.022559	0.000000
	137.578767	58.028618	-249.662637	0.000000	0.000000	0.000000	1.064524	0.000000
	210.752638	-225.988706	183.019066	0.000000	0.000000	0.000000	0.713424	0.000000
	-20.198716	33.420015	238.749682	0.000000	0.000000	0.000000	1.092172	0.000000
	-209.818526	-217.813398	-161.445958	0.000000	0.000000	0.000000	0.760307	0.000000
	-153.176510	84.863831	221.988038	0.000000	0.000000	0.000000	1.040251	0.000000
	178.906708	205.330874	-4.627099	0.000000	0.000000	0.000000	0.973730	0.000000
	206.915316	-201.345898	-100.019253	0.000000	0.000000	0.000000	0.997031	0.000000
	35.723367	18.719503	37.932239	0.000000	0.000000	0.000000	1.404320	0.000000
	128.455019	-30.396254	142.729859	0.000000	0.000000	0.000000	1.029925	0.000000
	-98.033713	-115.217936	168.978241	0.000000	0.000000	0.000000	1.007461	0.000000
	221.776976	160.164475	115.137074	0.000000	0.000000	0.000000	1.132705	0.000000
	227.696680	38.925727	-32.120678	0.000000	0.000000	0.000000	1.223395	0.000000
	-213.538433	87.096639	-123.103883	0.000000	0.000000	0.000000	0.811456	0.000000
	-80.551874	208.592308	-59.287592	0.000000	0.000000	0.000000	1.279916	0.000000
	-209.374228	41.134706	237.575613	0.000000	0.000000	0.000000	0.886579	0.000000
	35.413201	135.467407	58.331160	0.000000	0.000000	0.000000	0.945211	0.000000
	173.767725	248.130184	-241.044697	0.000000	0.000000	0.000000	1.084506	0.000000
	-29.613804	-77.021534	159.430792	0.000000	0.000000	0.000000	1.032194	0.000000
	99.246259	230.428868	112.878835	0.000000	0.000000	0.000000	0.727340	0.000000
	-149.939869	-55.378816	136.846907	0.000000	0.000000	0.000000	1.033945	0.000000
	-169.219064	84.987827	133.288907	0.000000	0.000000	0.000000	1.081803	0.000000
	59.156826	35.407296	22.161186	0.000000	0.000000	0.000000	1.019981	0.000000
	-25.034344	22.483249	-193.594207	0.000000	0.000000	0.000000	0.823950	0.000000
	107.324540	-61.319871	-137.896867	0.000000	0.000000	0.000000	1.242563	0.000000
	-194.027242	132.446505	245.916104	0.000000	0.000000	0.000000	0.763677	0.000000
	-98.792759	-240.068457	52.230588	0.000000	0.000000	0.000000	0.824298	0.000000
	-34.368913	0.789086	-25.625963	0.000000	0.000000	0.000000	1.083776	0.000000
	119.164612	143.381244	38.511271	0.000000	0.000000	0.000000	0.969788	0.000000
	-116.293772	176.099174	-203.982202	0.000000	0.000000	0.000000	0.937795	0.000000
	87.424697	218.494685	123.180373	0.000000	0.000000	0.000000	0.898813	0.000000
	-49.930908	-119.285943	87.662259	0.000000	0.000000	0.000000	1.124463	0.000000
	88.339661	18.744890	-213.370038	0.000000	0.000000	0.000000	0.942550	0.000000
	135.819017	205.627881	227.674930	0.000000	0.000000	0.000000	0.945443	0.000000
	-46.889017	-237.146676	-109.632347	0.000000	0.000000	0.000000	0.959497	0.000000
	-40.781416	138.446706	-161.947911	0.000000	0.000000	0.000000	1.177167	0.000000
	-108.066708	215.438180	226.644188	0.000000	0.000000	0.000000	0.827796	0.000000
	-176.918915	241.491505	-101.452939	0.000000	0.000000	0.000000	1.008092	0.000000
	-234.319875	11.726973	-103.031389	0.000000	0.000000	0.000000	1.108829	0.000000
	120.138387	139.205015	126.174322	0.000000	0.000000	0.000000	0.916864	0.000000
	-3.473501	157.276882	140.942324	0.000000	0.000000	0.000000	0.858210	0.000000
	190.591362	-76.489101	-78.856028	0.000000	0.000000	0.000000	0.943482	0.000000
	46.217220	249.806000	-12.988657	0.000000	0.000000	0.000000	0.825974	0.000000
	-132.735887	12.698059	25.039616	0.000000	0.000000	0.000000	0.900071	0.000000
	-57.122774	229.720587	-245.779765	0.000000	0.000000	0.000000	1.250314	0.000000
	31.169321	-91.867188	146.894214	0.000000	0.000000	0.000000	1.299288	0.000000
	-31.436772	-161.679424	33.875186	0.000000	0.000000	0.000000	1.037290	0.000000
	197.746535	-13.748085	134.535718	0.000000	0.000000	0.000000	1.091567	0.000000
	180.616197	69.942291	-130.052599	0.000000	0.000000	0.000000	1.060197	0.000000
	55.022842	-140.232152	136.976700	0.000000	0.000000	0.000000	0.825537	0.000000
	183.027859	59.088712	-97.759464	0.000000	0.000000	0.000000	0.775966	0.000000
	241.638638	123.244487	-163.214155	0.000000	0.000000	0.000000	0.739952	0.000000
	90.323723	-0.808605	111.577337	0.000000	0.000000	0.000000	1.091494	0.000000
	83.857700	15.242937	114.447047	0.000000	0.000000	0.000000	0.907036	0.000000
	-35.370567	-128.877428	238.977558	0.000000	0.000000	0.000000	1.538040	0.000000
	-66.734817	88.237463	81.331948	0.000000	0.000000	0.000000	0.823332	0.000000
	34.807449	210.954293	9.190764	0.000000	0.000000	0.000000	1.047697	0.000000
	-248.883770	-248.857857	-160.475092	0.000000	0.000000	0.000000	0.939129	0.000000
	6.013226	-49.653932	-31.092529	0.000000	0.000000	0.000000	0.793355	0.000000
	-113.801153	-10.397666	-158.914922	0.000000	0.000000	0.000000	1.056784	0.000000
	218.389390	-169.365767	-137.789418	0.000000	0.000000	0.000000	1.035657	0.000000
	202.743400	-225.376997	51.247642	0.000000	0.000000	0.000000	0.600141	0.000000
	-61.896800	-175.357406	-80.359536	0.000000	0.000000	0.000000	0.957054	0.000000
	155.818252	57.962396	-80.360271	0.000000	0.000000	0.000000	1.025697	0.000000
	-167.293273	0.492302	-15.849861	0.000000	0.000000	0.000000	0.891948	0.000000
	-179.896470	-125.685491	-130.238366	0.000000	0.000000	0.000000	0.769489	0.000000
	11.086069	35.912344	-151.069155	0.000000	0.000000	0.000000	1.186777	0.000000
	156.072082	2.668481	-135.135981	0.000000	0.000000	0.000000	0.789664	0.000000
	-34.289409	19.415689	-115.553542	0.000000	0.000000	0.000000	1.319273	0.000000
	-102.402741	-131.608508	22.741940	0.000000	0.000000	0.000000	1.211185	0.000000
	119.924456	-43.379343	22.465498	0.000000	0.000000	0.000000	0.860702	0.000000
	138.810283	16.907898	-235.671061	0.000000	0.000000	0.000000	1.419372	0.000000
	-200.553127	-30.022060	65.857868	0.000000	0.000000	0.000000	0.971039	0.000000
	25.805716	127.938858	-26.241563	0.000000	0.000000	0.000000	1.310294	0.000000
	127.631176	75.825249	67.771071	0.000000	0.000000	0.000000	1.057345	0.000000
	-246.238488	156.092081	83.861402	0.000000	0.000000	0.000000	1.307713	0.000000
	2.585483	-113.028181	32.950681	0.000000	0.000000	0.000000	0.804610	0.000000
	-23.882992	-59.823969	-52.596087	0.000000	0.000000	0.000000	1.205308	0.000000
	-20.159991	-14.916500	-231.135868	0.000000	0.000000	0.000000	0.817299	0.000000
	100.887819	-171.436836	194.818509	0.000000	0.000000	0.000000	1.089226	0.000000
	186.525209	-62.729322	-196.451099	0.000000	0.000000	0.000000	1.078566	0.000000
	-37.997747	158.251127	-138.262402	0.000000	0.000000	0.000000	1.096940	0.000000
	60.436051	-16.472112	-198.741242	0.000000	0.000000	0.000000	0.747438	0.000000
	126.815957	-154.298039	90.009117	0.000000	0.000000	0.000000	0.762210	0.000000
	-71.189311	47.579789	19.758640	0.000000	0.000000	0.000000	1.499817	0.000000
	-131.316470	-57.322937	56.734852	0.000000	0.000000	0.000000	1.269716	0.000000
	230.206110	142.018575	-143.988163	0.000000	0.000000	0.000000	0.892076	0.000000
	248.267162	-104.618730	-192.334316	0.000000	0.000000	0.000000	0.919527	0.000000
	-242.587114	-105.946462	-177.087181	0.000000	0.000000	0.000000	1.355537	0.000000
	24.036177	-188.479307	78.378731	0.000000	0.000000	0.000000	1.050618	0.000000
	147.667289	108.593355	52.154691	0.000000	0.000000	0.000000	0.749011	0.000000
	-154.752306	227.790969	195.553532	0.000000	0.000000	0.000000	0.710862	0.000000
	206.297743	-115.276507	-248.690599	0.000000	0.000000	0.000000	0.714457	0.000000
	188.545706	-98.369124	19.605605	0.000000	0.000000	0.000000	1.156260	0.000000
	-182.593747	190.526773	53.499596	0.000000	0.000000	0.000000	0.934979	0.000000
	-58.160873	-203.265720	-28.840461	0.000000	0.000000	0.000000	0.791216	0.000000
	221.355834	180.280456	156.423805	0.000000	0.000000	0.000000	0.837226	0.000000
	-71.447675	100.035679	85.200015	0.000000	0.000000	0.000000	1.102931	0.000000
	161.528151	-34.439753	-119.001188	0.000000	0.000000	0.000000	1.018117	0.000000
	65.148871	-131.626520	82.356359	0.000000	0.000000	0.000000	1.113407	0.000000
	143.958227	-223.943912	129.103264	0.000000	0.000000	0.000000	1.327008	0.000000
	81.908155	-221.264524	245.792826	0.000000	0.000000	0.000000	1.055550	0.000000
	176.230144	-165.479989	-159.729204	0.000000	0.000000	0.000000	0.768464	0.000000
	56.119684	56.597604	63.741373	0.000000	0.000000	0.000000	1.032275	0.000000
	-2.941430	63.633211	20.589008	0.000000	0.000000	0.000000	1.459999	0.000000
	-87.478766	-161.690377	202.507231	0.000000	0.000000	0.000000	0.888283	0.000000
	-73.040604	208.075123	-79.235273	0.000000	0.000000	0.000000	0.988961	0.000000
	111.935037	-168.159420	-219.500580	0.000000	0.000000	0.000000	0.942004	0.000000
	34.359850	-234.458628	-173.028426	0.000000	0.000000	0.000000	1.086520	0.000000
	-136.827907	-220.189796	57.439152	0.000000	0.000000	0.000000	1.051731	0.000000
	41.041190	195.831298	-249.487079	0.000000	0.000000	0.000000	0.796012	0.000000
	146.332377	94.237994	160.321792	0.000000	0.000000	0.000000	0.722213	0.000000
	-55.480976	-91.628168	49.276039	0.000000	0.000000	0.000000	0.922658	0.000000
	-97.126073	-103.377299	2.441950	0.000000	0.000000	0.000000	1.107187	0.000000
	205.697382	33.258223	78.871615	0.000000	0.000000	0.000000	0.853659	0.000000
	-32.116926	146.541749	230.360275	0.000000	0.000000	0.000000	1.139818	0.000000
	24.666087	8.205573	-18.958979	0.000000	0.000000	0.000000	0.768689	0.000000
	153.223088	36.308305	-153.954753	0.000000	0.000000	0.000000	1.250890	0.000000
	223.941537	-190.844180	-190.709120	0.000000	0.000000	0.000000	1.173797	0.000000
	-72.259096	197.638370	-197.154502	0.000000	0.000000	0.000000	0.695927	0.000000
	160.741744	-20.896748	-186.641454	0.000000	0.000000	0.000000	0.883664	0.000000
	46.742198	215.863793	-209.326361	0.000000	0.000000	0.000000	0.992479	0.000000
	-207.139815	-72.031790	223.231765	0.000000	0.000000	0.000000	0.933236	0.000000
	-0.359510	74.507340	166.197559	0.000000	0.000000	0.000000	0.751844	0.000000
	213.625481	125.754168	-16.384049	0.000000	0.000000	0.000000	0.991685	0.000000
	-153.782472	-218.920555	-111.478017	0.000000	0.000000	0.000000	0.620626	0.000000
	-25.753971	83.535731	-145.787927	0.000000	0.000000	0.000000	0.729393	0.000000
	-207.516227	161.051293	15.328858	0.000000	0.000000	0.000000	1.181685	0.000000
	-165.881619	-143.386052	-39.129727	0.000000	0.000000	0.000000	1.046728	0.000000
	-173.317299	28.657016	218.604004	0.000000	0.000000	0.000000	0.676517	0.000000
	214.906585	137.193381	124.839249	0.000000	0.000000	0.000000	0.766750	0.000000
	-221.559964	-137.132188	88.521510	0.000000	0.000000	0.000000	0.764829	0.000000
	-233.120977	92.854868	50.727971	0.000000	0.000000	0.000000	0.956290	0.000000
	117.267826	215.698349	-176.717658	0.000000	0.000000	0.000000	1.177736	0.000000
	128.847322	31.597314	167.477663	0.000000	0.000000	0.000000	0.714076	0.000000
	-105.865195	-103.306012	12.892454	0.000000	0.000000	0.000000	0.843504	0.000000
	2.035783	-112.681218	105.056796	0.000000	0.000000	0.000000	0.932989	0.000000
	133.950581	237.901549	-4.915255	0.000000	0.000000	0.000000	0.901435	0.000000
	-45.862774	-15.040520	163.803751	0.000000	0.000000	0.000000	1.078228	0.000000
	-21.709544	6.682465	-209.054825	0.000000	0.000000	0.000000	0.930599	0.000000
	-149.562113	60.020846	-231.228889	0.000000	0.000000	0.000000	0.984724	0.000000
	235.760848	178.242883	147.685903	0.000000	0.000000	0.000000	0.762546	0.000000
	-79.594449	109.073697	-208.386508	0.000000	0.000000	0.000000	0.951353	0.000000
	-37.176513	224.695311	249.178537	0.000000	0.000000	0.000000	1.098887	0.000000
	132.108916	-131.857341	105.103883	0.000000	0.000000	0.000000	0.874493	0.000000
	229.370128	227.958833	175.039612	0.000000	0.000000	0.000000	0.703060	0.000000
	-134.547785	-42.997808	115.965915	0.000000	0.000000	0.000000	0.740126	0.000000
