1.0304717079754431e+00
1.0750451195806456e+00
8.0489648113461632e-01
1.0127840403167285e+00
9.9831988424957108e-01
1.0879397974862828e+00
1.0066030697561217e+00
1.0467509342252046e+00
1.0368750784082499e+00
1.0878450301307272e+00
9.8151376364547394e-01
1.1222541338674030e+00
9.5716721778368929e-01
1.0532309185553348e+00
1.0412732611595987e+00
1.2141647600870462e+00
9.4877572709284630e-01
1.0615979422575497e+00
9.8860525423451251e-01
9.1755187843087604e-01
1.0743254171203442e+00
9.3344902927113060e-01
1.0116685809140729e+00
1.0871428777948191e+00
1.0678913563071895e+00
1.0289119398689983e+00
8.5428441801443333e-01
9.5296273457072045e-01
9.7248577487733168e-01
9.1341688843067570e-01
8.3171302283841952e-01
1.0162753065105006e+00
1.0711226579792854e+00
9.6512749277515619e-01
1.0857975881257154e+00
8.7243136766620777e-01
9.0805477139983881e-01
1.0142425736070566e+00
9.5727473536634655e-01
1.0625590393967337e+00
1.0456775237557412e+00
9.6369461534349288e-01
8.8041603544109603e-01
9.5305976597972764e-01
1.0480746658905908e+00
1.0665385108972787e+00
9.5767016879558464e-01
8.3126655660419702e-01
8.6773003876455979e-01
1.0399774226723437e+00
9.6218374459606104e-01
9.6437360289385743e-01
9.0663823199901228e-01
9.0499779450894191e-01
1.0840308137457395e+00
1.0434423643545858e+00
9.4058500443032056e-01
1.0072129507713870e+00
1.0232676211354703e+00
1.1601778891320915e+00
8.9765025073781346e-01
1.0219996683971766e+00
1.0835111245914579e+00
1.1463302891219562e+00
9.3602484672502517e-01
9.6101901968442316e-01
1.0635150946814405e+00
8.5291937054973421e-01
1.0313513847450195e+00
1.1996730891691787e+00
1.0414409433275997e+00
7.8679537192686910e-01
9.1870589046896733e-01
9.3879032009401919e-01
1.1065980230787644e+00
9.8413651629613119e-01
8.3253170552956424e-01
9.9462174491816790e-01
1.0130274521472886e+00
9.5007044014608477e-01
9.0348832377676280e-01
1.2128469732435165e+00
1.0838489203736346e+00
1.0931573012874245e+00
9.8433621023419093e-01
9.3452123045706093e-01
9.5450165196592196e-01
8.7220624256803803e-01
1.1579091256410434e+00
9.8813616738901178e-01
1.1306001741706826e+00
9.5890727691662625e-01
1.0428756438461613e+00
1.0183234437221906e+00
8.6318408007543346e-01
1.1723665720783298e+00
9.6168126788640118e-01
8.8929543179565118e-01
1.0643326794689045e+00
9.9948781332799286e-01
1.0337574548798933e+00
1.0090584906901745e+00
7.9498278989689775e-01
9.1567697297071282e-01
9.1218476330712495e-01
1.0915902542356013e+00
1.0030631492594417e+00
9.6723269056380390e-01
1.0538115437003925e+00
9.8454943207501000e-01
9.7761411831195000e-01
1.0176573358453711e+00
1.0090489781627874e+00
1.2517474037533920e+00
9.1467566494411801e-01
8.5365579981629969e-01
1.0315605003590340e+00
9.2709161622563918e-01
7.8527109702613451e-01
8.9375855881404365e-01
9.1231392218324114e-01
8.2422716086433689e-01
1.2129247112028299e+00
8.9032144215453601e-01
1.2905067169240407e+00
9.6317510432119691e-01
1.1728697644405592e+00
9.7547221540578899e-01
1.0434766074466619e+00
9.8661770354839584e-01
9.7618262560253344e-01
1.0232169889626257e+00
1.0471538522545139e+00
1.0155429327668466e+00
1.0053155347577867e+00
9.2784419664571527e-01
9.9027134015865104e-01
1.1573354902475241e+00
9.2369427903052326e-01
1.1191142953088864e+00
1.0480143403391611e+00
1.0927438481558180e+00
8.8895693155855215e-01
1.0263717204356519e+00
9.7078288141964453e-01
9.7480226217931143e-01
1.1471491972993157e+00
9.7631497354903152e-01
1.0295993989687100e+00
8.2432782175214170e-01
1.1727350214164185e+00
1.0863828013698189e+00
9.9386756541711530e-01
9.6655438276441230e-01
1.0582655241987706e+00
1.1177411888977693e+00
1.1743934526167792e+00
1.0827988176797059e+00
1.0066545815859205e+00
1.0989583934594853e+00
1.0782350342417661e+00
1.1171247093467320e+00
1.1820646157646801e+00
8.4279597443467591e-01
8.8279928074051839e-01
1.1511228433276721e+00
9.3010695714212532e-01
1.0032782092876260e+00
9.3288597226034187e-01
1.1155312036106697e+00
7.7087104914019000e-01
1.0072033573232577e+00
1.1616209681651206e+00
9.4088965748088949e-01
8.4184056005460572e-01
1.0368356612700658e+00
9.4290563384782056e-01
1.1068471555989039e+00
1.0234400892698696e+00
9.1366547352606187e-01
9.8474774675476406e-01
1.0999824246910295e+00
9.8749909696804228e-01
9.2564117711874361e-01
1.0202306191831194e+00
1.0011426055560659e+00
1.0856793982566526e+00
1.0554116501324093e+00
9.7948383111339554e-01
1.1604254361517141e+00
1.0107880444343034e+00
8.3977404589410742e-01
8.3987220628811465e-01
1.0439636606016993e+00
1.0276274179328553e+00
7.6898965633673555e-01
9.5282239663616641e-01
1.0701953626221270e+00
1.0760133085375854e+00
1.0530064705601467e+00
9.8203885861685414e-01
1.0820528475417419e+00
1.0521167255732113e+00
9.8824578326718693e-01
8.0069396289458439e-01
8.5178146025571788e-01
9.3217355598448237e-01
9.7151159336174253e-01
1.1089217496710793e+00
9.9308620652738600e-01
1.0092126658434108e+00
9.4055996478012649e-01
9.1118661462663475e-01
1.0803585019378601e+00
8.6178184846229600e-01
8.9594560608424656e-01
9.8689133493122738e-01
1.0928296991568485e+00
9.4660997616264453e-01
9.3457167233124450e-01
9.8107556590635947e-01
1.0361921853928844e+00
9.6572138491356208e-01
1.1067222416571982e+00
1.1114592444577376e+00
9.8688624697966554e-01
1.1951012560126300e+00
1.0069381135132778e+00
1.1076240157466386e+00
1.0333070372618256e+00
1.0313908211457554e+00
8.4104325066910313e-01
8.8826158870103922e-01
9.7068084133512378e-01
1.1105993369907299e+00
1.0347708452450957e+00
9.7156361619599052e-01
1.0619171116975394e+00
1.1063851532734359e+00
1.0006339062362268e+00
1.0223079742625276e+00
1.0091520178173208e+00
9.9432168056073089e-01
9.2205176032745806e-01
9.1484628108142318e-01
1.1085287004445910e+00
9.7137512664443082e-01
9.6913269444535877e-01
8.1685939157848764e-01
8.0091880048760022e-01
1.1363862229813910e+00
9.2805197667152095e-01
7.0354711621583488e-01
1.2420415012247403e+00
9.4404277139505099e-01
8.4390416470055574e-01
1.0099477473015739e+00
1.0790806121690080e+00
1.0668326018107996e+00
1.0897815408410547e+00
9.0298504803485868e-01
1.1335784336320234e+00
1.1403821392066558e+00
1.1455045576270710e+00
1.0258228823322695e+00
9.6382295225558290e-01
9.5514357919716453e-01
8.4342409278194852e-01
9.4612286823822567e-01
7.6057396950995282e-01
8.3135318487658982e-01
1.0247665901108942e+00
9.7466224310519856e-01
1.0203388240619944e+00
1.0706849640899050e+00
1.0385037937656101e+00
1.0296418000808660e+00
9.9129058289474903e-01
9.2464724196426218e-01
8.7555282123989242e-01
9.9293196183479282e-01
1.0051142058552163e+00
1.0900184564019963e+00
9.8403516925779833e-01
1.0548427920829799e+00
8.5518727405849526e-01
1.0262035812074382e+00
1.0189843392837443e+00
1.1336186100012171e+00
9.7474826656970348e-01
7.5900780342001251e-01
9.7062210798478699e-01
1.0714396482630659e+00
8.8233852805706980e-01
1.0235448368309930e+00
8.7776256874600966e-01
1.1821298850813109e+00
8.7189307931541682e-01
9.4794115871445894e-01
1.0241659719820837e+00
1.0515410402900811e+00
1.1274447216941239e+00
9.3633847168977646e-01
1.0762926482336936e+00
8.3144026826151918e-01
8.9656919483256003e-01
8.5762655646009400e-01
9.1934010956926271e-01
1.0713820136482399e+00
9.3860231986071030e-01
9.5593475784302573e-01
1.0268913447678600e+00
1.0471136293399930e+00
9.5883616777837910e-01
8.9594139474875667e-01
1.1610936995011896e+00
9.5947307345506683e-01
9.6895160238040567e-01
9.8100761589777430e-01
1.0579561142476477e+00
8.5055943801806932e-01
1.2052684981945891e+00
9.6626748379314942e-01
1.0615256766968562e+00
1.0164390702977302e+00
1.1847825012956046e+00
1.1667887611119521e+00
1.0587259166802792e+00
9.1309527521352174e-01
1.1212518836831600e+00
8.3080373508302363e-01
9.0975769052074873e-01
9.9184122303148792e-01
8.3843416606793220e-01
9.4772813038303194e-01
1.0784844036608134e+00
9.2861251759635155e-01
1.0835807896314338e+00
1.2382602282684074e+00
1.0387703141262015e+00
1.0816775867200792e+00
1.1251725008565194e+00
9.5645925270560372e-01
1.0790801721178989e+00
9.5411595068506994e-01
1.0314077223869800e+00
1.0952053653139890e+00
9.1732949530831054e-01
7.6796439876138556e-01
9.0848438841540735e-01
1.1112965891660265e+00
8.9691862797288457e-01
1.1049173621441351e+00
9.0894251160785511e-01
9.7784638842691995e-01
9.9863532082047035e-01
8.9649218859593593e-01
9.7893099856368426e-01
8.4365220521313111e-01
9.6490476177820217e-01
9.9038210630766677e-01
7.7192621546280771e-01
9.0771135581047324e-01
1.0282586982919297e+00
8.8598390808737693e-01
1.0447813716722711e+00
1.0548738818864127e+00
1.0278143726454627e+00
1.0777767389084925e+00
8.3801280056082295e-01
1.1001745397651508e+00
8.9793769804866619e-01
1.0099034821007200e+00
1.1797594522434314e+00
9.6282833034143045e-01
1.0011451291670654e+00
8.9849320942711841e-01
1.1785168402072130e+00
9.0791496021908724e-01
1.0639626409497902e+00
1.1249665267043778e+00
1.0740014236304336e+00
1.0340791408002106e+00
1.0083621077410556e+00
8.7201590423599795e-01
1.1728995340885704e+00
1.0255213416855875e+00
1.0012053180601825e+00
8.9065286295380175e-01
1.0060385928424418e+00
9.9488028881834034e-01
1.1797561166644641e+00
1.0011445439091466e+00
1.0044212378104198e+00
8.9175728026117129e-01
9.2539017433474868e-01
1.0511221814547536e+00
8.2132924886319225e-01
1.0995701385899923e+00
1.1025836842885239e+00
9.1549546720308483e-01
1.0344604904750359e+00
1.1287331111605066e+00
9.8677713434688274e-01
9.6808934029891025e-01
9.7979167546105961e-01
1.0252884814969898e+00
9.3719339162746262e-01
9.5980074198707954e-01
1.0273204022852123e+00
9.5187588761345876e-01
8.8379204872657124e-01
8.1381548467574882e-01
1.0030917278032698e+00
1.1214189828928502e+00
1.0395933874430823e+00
8.8722192351082863e-01
9.2471080827713792e-01
9.6737379949769597e-01
1.1837386675487520e+00
1.1905060214064469e+00
1.1753691026701081e+00
1.0131057826046144e+00
1.3178853679367535e+00
9.2927354700485365e-01
9.6381674629156588e-01
1.0908601359892112e+00
1.0278575914511805e+00
1.0336583126605434e+00
8.0630330672945849e-01
9.0179805801696999e-01
9.9415887561413174e-01
9.3064938354277194e-01
8.6578248336290931e-01
9.4151258650669989e-01
1.0278864284647238e+00
1.0724282677456227e+00
8.1080537466880898e-01
9.9876807070706886e-01
9.8965798864253662e-01
1.0225559839510181e+00
8.8888950990824411e-01
8.9066761421126173e-01
1.1244947378646446e+00
7.4983001558403450e-01
9.1669632772039877e-01
9.5916113727452734e-01
9.6882536691775534e-01
9.3239826943186310e-01
1.0478875538520462e+00
1.0389691705320003e+00
9.8525575100818330e-01
9.3777925547052821e-01
9.7745685507719005e-01
1.0069919580994826e+00
9.2482441521865000e-01
1.0555582088650124e+00
1.0987405145046401e+00
1.1436301756563292e+00
1.1363428712085699e+00
9.6820934513715373e-01
1.0119225861127392e+00
9.8338421580502677e-01
9.8302802035796222e-01
9.7677306700757649e-01
1.0006016680436072e+00
1.1165307535547178e+00
1.0309620081909168e+00
8.8491354908144326e-01
1.0940289464883590e+00
1.0211609732795051e+00
1.0490766708993819e+00
1.0289359156957112e+00
1.0335841256933023e+00
1.0382885736385050e+00
8.2765365925945822e-01
1.0477529337266795e+00
9.2878979581210608e-01
9.5159698684273242e-01
9.9980801468236535e-01
1.1616874398498607e+00
8.9976560193091992e-01
9.9643892638099085e-01
9.7441679286591765e-01
1.0924357757187435e+00
9.7172042508524303e-01
1.0223122018406166e+00
9.0002877713306184e-01
1.1104679215402531e+00
8.5831579074031261e-01
1.0463369806032687e+00
1.0229481715463606e+00
1.0374386451706263e+00
8.5957309019092509e-01
9.6973802405295539e-01
1.0870555609419728e+00
1.1794370054600358e+00
9.8902658183698167e-01
1.0766822871784243e+00
1.0130764187911545e+00
9.9407173539740679e-01
9.5855269341641414e-01
1.0002993291199955e+00
1.0670079242202191e+00
1.0756248163629807e+00
8.7651869130885207e-01
9.4992552562430843e-01
8.9549562904136981e-01
1.0052173318657533e+00
9.6631680323594071e-01
1.0339875361192703e+00
1.0409828457328694e+00
7.8920466582225568e-01
7.8197899355105260e-01
9.9953670277756546e-01
1.1187634392721120e+00
9.4996389226030997e-01
9.4720823626756867e-01
1.0986136316960768e+00
1.0805678639242502e+00
9.0452081828691788e-01
1.0698566345371505e+00
9.2376765419723483e-01
9.4623374230969781e-01
9.0443748325986018e-01
8.7582444711216079e-01
1.0109647754574009e+00
8.6226843444796319e-01
1.0149842413987280e+00
1.0118347913388204e+00
9.8463148956379820e-01
9.5435288557752773e-01
9.3556328797869770e-01
8.9280374477097801e-01
1.1445125956926534e+00
9.8031143012960908e-01
9.7707073464476923e-01
9.0871220132811725e-01
1.1319013197741397e+00
9.4134149149290991e-01
1.0243752480401649e+00
1.0432594451726152e+00
1.0110395725612218e+00
8.6018903402011493e-01
1.0653244883281228e+00
9.4039111003438336e-01
1.0794932252915628e+00
9.3439450633590326e-01
1.1579185502981633e+00
1.0973663511344089e+00
1.1130099316404514e+00
1.0598347047074883e+00
8.9026623254529569e-01
8.6441860288734462e-01
1.1303565067808088e+00
1.1487398289685862e+00
8.8477511587232327e-01
1.0102031297240575e+00
1.1133680478756702e+00
1.0352034471802924e+00
1.0450317278043812e+00
9.2501866617154826e-01
9.8158242534847784e-01
1.1771341242267683e+00
9.7561038898226626e-01
9.1057926480205231e-01
9.3141473238233574e-01
9.8350622246037811e-01
1.0061704634050368e+00
9.9112035522874986e-01
1.1718795003049860e+00
7.9984542555613214e-01
1.0014527881937569e+00
1.0473087198027475e+00
1.1019043693241763e+00
1.0184057831271565e+00
1.0272645263432130e+00
1.0697816839000005e+00
1.0001339846754487e+00
7.5491278714599130e-01
8.8129295736256297e-01
9.7453918302339704e-01
9.0148419676891733e-01
1.2457424092075893e+00
9.5882505823153508e-01
8.8507960028117061e-01
9.8831198135914755e-01
9.9151494683379904e-01
9.2380255416897428e-01
1.0366209597783937e+00
8.6795110158429623e-01
9.1997883033981498e-01
9.9893613233818068e-01
9.6838022954188119e-01
1.0612965380474599e+00
1.1531778890601052e+00
9.7433458836002473e-01
1.1933793485188187e+00
8.7720001191775021e-01
1.1484918786733851e+00
8.6774588667083208e-01
1.0420226709474585e+00
9.3494363795944080e-01
9.2876629355872908e-01
1.2281632877276061e+00
1.0886759054404738e+00
9.8140433228139512e-01
7.3482916650807972e-01
8.1893813200196053e-01
8.8046410257018970e-01
9.9555638322956452e-01
1.0410982576900876e+00
9.0991030046954247e-01
1.0728714234074346e+00
1.0559540370616167e+00
9.4504473788699173e-01
8.8158716681017280e-01
1.0327009868789314e+00
1.0026585341326100e+00
1.0618190714665301e+00
1.1276980832198042e+00
1.1683586209538022e+00
1.1044872812454427e+00
9.5878506215430326e-01
9.8284354897836523e-01
1.0967299235842773e+00
9.2030890107033092e-01
9.2746084779920246e-01
1.0774494703865372e+00
1.1739648041931012e+00
1.0999336332474490e+00
1.0795778009744232e+00
9.9504411624484168e-01
9.1639428851542126e-01
1.0650249005578365e+00
1.1536965653917646e+00
9.6250553101508651e-01
9.3763993107417876e-01
9.4002505508811351e-01
1.0363698150342964e+00
1.1193618571856376e+00
7.9858974051347098e-01
1.0060468448117368e+00
8.6736038966814510e-01
1.2003509410401343e+00
1.0169706545142811e+00
9.6054271481306064e-01
1.0257640420921161e+00
8.4243806728293846e-01
8.8425353677665774e-01
1.0053481626821901e+00
1.0614270438357063e+00
9.7488974119630878e-01
9.0035813739976100e-01
7.2220057192714271e-01
8.8199992215327405e-01
9.3248860478565387e-01
1.0565460419169093e+00
9.7970580563246301e-01
8.5149445208725638e-01
9.2394911519286349e-01
9.9777522051507894e-01
1.0228770028928937e+00
1.0292933823497292e+00
9.8761907056703402e-01
8.1220112340340922e-01
1.0876543604081519e+00
1.0411971582126753e+00
1.0468552778506202e+00
1.2710745527218326e+00
9.2021172363815051e-01
1.0438991029388895e+00
8.9676029804451529e-01
1.0326843470388023e+00
1.0915930302279599e+00
9.7471185536821692e-01
8.7081177317683101e-01
1.1912954807731753e+00
9.6237878962165357e-01
9.5896600266548904e-01
9.6221934672417275e-01
8.2667908967910164e-01
9.6203134748574393e-01
8.8730120897991360e-01
1.1245634960171873e+00
8.4852452242064602e-01
1.0404855087635709e+00
9.9757026162291840e-01
1.0556075273823151e+00
1.0291231416847380e+00
1.1226033909910680e+00
9.6825614451623176e-01
8.2479014272730289e-01
1.1248757772410507e+00
1.0336400938689871e+00
9.3280879763203228e-01
9.4574421798881747e-01
8.1287818839390125e-01
1.0602652446306500e+00
1.0575546509999896e+00
1.1182530741752656e+00
9.7959304849515649e-01
9.4193485972544155e-01
1.0255906850104224e+00
9.9912053105144283e-01
9.5811512560749612e-01
8.4320695835695014e-01
1.1367907450720971e+00
1.2229273610555973e+00
1.0971139006822912e+00
9.7827738417813237e-01
1.0390530596319518e+00
1.0181314217861419e+00
1.0824427062384980e+00
1.0654659528447785e+00
9.7290718698421919e-01
9.1318065693592199e-01
1.0236948611545951e+00
9.5600122954702915e-01
8.7526825303058309e-01
9.3353739999368690e-01
8.6093145700247442e-01
9.8559723399453236e-01
1.2325779791881686e+00
9.6934343787129418e-01
9.6744549884804687e-01
9.8947758657491292e-01
1.1467181250709042e+00
1.2299589093037320e+00
1.1785318394224729e+00
1.0962960573249447e+00
9.1462407774125887e-01
1.0988553242465315e+00
8.7136066649163024e-01
8.5728635978137591e-01
1.0109485359447088e+00
9.9865842130751914e-01
9.8092395396654508e-01
1.2095998750225441e+00
9.6093223974008046e-01
1.0449978341346549e+00
1.0114584437023879e+00
1.0777609530278536e+00
1.0878058578908201e+00
1.0328367972831538e+00
9.3837069118078920e-01
9.3774598473344473e-01
9.6463852583863552e-01
1.0322797464093247e+00
1.0711977022991050e+00
9.4337050844189940e-01
1.1325146728874840e+00
9.7882661974556062e-01
7.8928076526703117e-01
1.1997514177804762e+00
1.0067913169169336e+00
1.0895605243314346e+00
8.3176735182089734e-01
9.2851234381024905e-01
9.6848256101147756e-01
8.7319860831560026e-01
9.7658744627170879e-01
9.5755372902181024e-01
1.1198519836516694e+00
7.8653063325231443e-01
1.0555360228508575e+00
1.0981479749308116e+00
1.2008755386185139e+00
1.0749222927200854e+00
9.0697353127299496e-01
9.7391001769991503e-01
1.0236955388719247e+00
1.1363850324932689e+00
8.2192618924365290e-01
1.0551191728701694e+00
8.4329417497645620e-01
9.4182786507977534e-01
8.6240864113984483e-01
9.2713895147404723e-01
1.0809121310990244e+00
9.6079602041292689e-01
9.1834248925444251e-01
9.0597787910742833e-01
8.8365262002077283e-01
1.0729715673783708e+00
1.0025128711216034e+00
1.0341508685536802e+00
8.5464007200683689e-01
1.0029423575584973e+00
7.7858126289569973e-01
1.1189622005287643e+00
1.0550202496026442e+00
9.8806338007231231e-01
7.6556566915811264e-01
9.0150050722755581e-01
8.6135577467298063e-01
9.8261622999053833e-01
1.0377970997994699e+00
1.0320849646324608e+00
1.1577768204931886e+00
9.9450651337970819e-01
1.1264539809338037e+00
9.6876445583441306e-01
1.0508079105199066e+00
9.7823153065653434e-01
1.0288219063090325e+00
9.9574213789555555e-01
9.3219284715065009e-01
1.2914244648415421e+00
1.0324012524189980e+00
1.0577402577519250e+00
1.0761854774042463e+00
1.0192421117768182e+00
7.6557021062113229e-01
1.0375062151892340e+00
8.7801242551584779e-01
1.0145938294144774e+00
1.0283068588009989e+00
8.2347796846971510e-01
1.0008281909957928e+00
8.5288847656151101e-01
7.5858921489689624e-01
8.5078941645270079e-01
9.8808311626720791e-01
9.8213448309861096e-01
9.4933973040287967e-01
1.0536296969180894e+00
9.7635535800354867e-01
1.0388474200851541e+00
1.0751796465835457e+00
1.2386951799573922e+00
9.8973379089593672e-01
1.1191389640291414e+00
1.0223967428373448e+00
1.0281955867394157e+00
9.9106795972992656e-01
1.0135123451868082e+00
9.7725805873561156e-01
1.0988531862851463e+00
9.2739849022990228e-01
8.4993305972181610e-01
9.4621886536428601e-01
9.3604966091125241e-01
9.4616837971384204e-01
9.8586044978561982e-01
9.4651886617814418e-01
8.6180509686363671e-01
8.7509400293219475e-01
9.5342318351419220e-01
8.2622854048628680e-01
8.8720469764943310e-01
1.0141419473340545e+00
1.0236826116788027e+00
9.5465617016314075e-01
1.1024921693125400e+00
9.4190398114685170e-01
1.0640990719394974e+00
8.9873161486118380e-01
9.4163196431938190e-01
1.0606291156108709e+00
1.1047315286073758e+00
9.3372985916447360e-01
1.1127354761642423e+00
9.0594697844987837e-01
1.0073275314585697e+00
9.9091290703740376e-01
9.7856248902948861e-01
9.4834892578391672e-01
8.6316657024488830e-01
9.1802460712291556e-01
9.6113668189331813e-01
1.0506583154190254e+00
1.0671228011613698e+00
9.4230036286224661e-01
9.5082525802698648e-01
9.2254899384866040e-01
9.3436291064518917e-01
1.1099191555547814e+00
1.1709943954012072e+00
8.9692829680676600e-01
8.8237996833565668e-01
9.3699174897443305e-01
8.9481127271015859e-01
8.7832815816135934e-01
9.0822464625824861e-01
9.5486155490356051e-01
8.7046588155339644e-01
1.1119500680802916e+00
8.6531974512204346e-01
8.8785689539827450e-01
1.0809194731853173e+00
7.5636243367526779e-01
1.0687761131599873e+00
1.1109169811492132e+00
1.0301552306812904e+00
8.3416644344177548e-01
1.0273842398308457e+00
8.1478381445987980e-01
9.6726945697449762e-01
9.4365285745749306e-01
9.9602937176530226e-01
9.6955732371433323e-01
1.0092354038254459e+00
1.0477035127226457e+00
1.0039693526597562e+00
8.0471844699517514e-01
1.0273803845323519e+00
1.0170176943191933e+00
1.0664353674239930e+00
1.0483982293951528e+00
7.8923106123855968e-01
1.1221728666217592e+00
9.1203575726324937e-01
1.0860529707961446e+00
9.1238900757720420e-01
1.0747272051143455e+00
8.8826723979487254e-01
1.0578661633815167e+00
1.0219584927179943e+00
1.1478278935716060e+00
9.4126792372362211e-01
1.0878954027700893e+00
8.6897032502345606e-01
1.0032695225253270e+00
9.6154498899820828e-01
9.3584572792171539e-01
9.7006620922482778e-01
1.0475128067348010e+00
9.8313482465995472e-01
1.0393376870254096e+00
1.0655618061171384e+00
1.1412513069961006e+00
1.0289885475918401e+00
9.7909677439725795e-01
9.6292218305379385e-01
1.0871934366519451e+00
9.3838072600093059e-01
8.9355272538738273e-01
1.0729828789015530e+00
1.1425328943470305e+00
1.0724854671556201e+00
9.5431900192613361e-01
7.9921069491953300e-01
8.9364402705652823e-01
8.4387970778111199e-01
1.1024512675426690e+00
8.8630774185895655e-01
9.7335864659248228e-01
8.4489805876519453e-01
9.5500296181353506e-01
9.4454275943595534e-01
1.0602936943755221e+00
1.0619105018464852e+00
1.0032370100727031e+00
9.5301634915012734e-01
9.2195665453555486e-01
1.0551858771531293e+00
1.1190305703510117e+00
9.3839509744438743e-01
9.6827132747475597e-01
8.9062629382833292e-01
8.0784954694513611e-01
9.9448979009577110e-01
9.4168849276973088e-01
1.0866225200858528e+00
8.2808388661239529e-01
9.1368143376557232e-01
8.6499008818735790e-01
9.9667052604830619e-01
9.3227258159907223e-01
8.7253815979844940e-01
8.7720844493081562e-01
9.6203235291518263e-01
9.2478391319324793e-01
9.1287839279741856e-01
1.0056411567169570e+00
8.2236017036577058e-01
1.0215302629941512e+00
1.0908062843517985e+00
9.7136338641348241e-01
1.0164320659381916e+00
9.7291063729290628e-01
9.2656122426086984e-01
1.0238388374837426e+00
9.5695416665380417e-01
9.7641657561858186e-01
1.0104690029888126e+00
8.6596437919787961e-01
8.1068288387618948e-01
1.1575082827608731e+00
1.0170625078539792e+00
1.0031047200488554e+00
9.2140233920686443e-01
1.0198381160626440e+00
9.1937181793153155e-01
1.0390725026088896e+00
1.0231660444236517e+00
1.0087867637080727e+00
1.0303837425637563e+00
9.4691781718703527e-01
