-1.0399841062404956e-01
9.4056471639121397e-02
-1.3021795068623182e-01
-3.1624259234358222e-02
-8.5304392757358016e-02
7.7779193542894837e-02
1.1272412069680329e-01
-8.5929246288323824e-02
-9.5888260082899898e-02
-4.9925910986252896e-03
-6.8092954440394135e-02
-1.5452948206880215e-02
-3.5213355048822961e-02
3.6544406436407835e-02
4.3082100300788274e-02
-4.0641501638461558e-02
-8.1377272824787780e-02
1.1289722927208917e-01
-8.4015647696252804e-02
6.5059278782470115e-02
5.4315426830519500e-02
2.3216132306671980e-02
2.1868859672901295e-02
2.2359554877468227e-02
6.7579069488891462e-03
6.3128822583854036e-02
-3.1967121635730136e-02
-6.3887784824334201e-02
1.4949413112343959e-01
9.6827835459148082e-02
-3.3488502998577488e-02
5.8622233135927820e-02
7.9334723519992531e-02
-4.6235179266456719e-02
-1.9130432488161490e-02
-1.1332872140034807e-01
4.9716074405376405e-02
6.9048535406776829e-02
1.5853969107671423e-02
-3.0934653972023843e-02
-6.6192594106665129e-02
-3.8173789399832909e-02
4.8697248078558186e-02
1.2494118727687431e-03
4.4653117602994410e-02
-9.8485484509423619e-03
-7.9718210906399058e-03
-1.4471124724230874e-01
-9.9724682760148176e-02
-9.0547905536006085e-02
1.2992282977860656e-01
7.3751556846708657e-02
-2.0543755786763002e-02
-3.3903307590056248e-02
-1.7273204231923489e-01
2.3773560233227790e-02
-1.4460578543884547e-01
-5.2949270906380241e-02
2.1852145523442879e-03
-2.3935562747302429e-02
1.7927563495631616e-02
1.3591875752404367e-01
3.5687105914950938e-02
-1.1887630543228510e-01
-9.2657594140552496e-02
-1.3766861475563089e-01
-2.2222269709877340e-02
-1.0155790812075416e-01
8.3812656789438111e-02
2.9138624660073298e-01
-9.8953812003186425e-02
2.6771146234383581e-02
-4.1535726017968538e-02
-1.4079088641638527e-02
1.5704856744534462e-02
-1.0356537528258117e-01
-4.8630790907333091e-02
1.7679299135798832e-01
9.8273951102305759e-02
-1.1849437664170247e-01
-7.2522606453575320e-02
-8.2138667922438624e-02
-9.0292717808702641e-02
3.8495096610586317e-02
-4.0762526135434025e-03
4.4607220148208060e-02
-1.2256057637672482e-01
1.7258791772211950e-02
1.5999161357343826e-02
2.8582613960254289e-02
2.1938250136385635e-02
1.1062887100598889e-01
1.5357559919959921e-01
-1.2244690317205004e-01
1.6509279322312498e-01
-1.7951921328260064e-02
1.4614442922422022e-01
-8.9472701895582651e-02
-3.9460512285958961e-02
-1.6344289852451257e-02
1.4074818613137169e-01
6.4393879327685796e-02
-4.8718401930117955e-03
-1.2188130604236280e-01
-3.3412344070081208e-02
-1.3263927177395640e-01
-4.8416943333357852e-02
1.0027578253046042e-01
1.3373981074427438e-01
-6.9594261167070307e-02
2.4249679127122160e-02
-1.0843880722333665e-01
2.2822833013890514e-02
1.8768446112816703e-01
-2.8738336154917610e-02
-5.9070701396348652e-02
1.2058536208882337e-01
-6.5414644006779654e-02
-1.6266592054490766e-02
-5.2943942736607380e-02
-9.4262554252557001e-03
-1.4670452453909907e-01
-1.2874225812740311e-01
1.8369135283213142e-01
-1.1715666288253418e-01
3.4155555094050959e-02
-9.8685707842823753e-02
7.7733757606174403e-02
-3.7615607123009931e-02
-1.3748958083699819e-01
-2.6638749000895513e-02
-5.5532721881901607e-02
1.0127158178198287e-01
3.5175640839920350e-02
8.4393091414180428e-06
3.1649426167330803e-02
2.0931683089305950e-01
3.8584655255650080e-02
-1.1124114719834180e-01
2.6274922514713851e-02
-1.7445859869741928e-01
4.5442033821436301e-02
-4.7152480744994896e-02
5.2466798356243629e-03
-1.0348826806596087e-02
1.5256251210246858e-02
-2.5666584409312976e-01
1.7651242137244696e-02
-3.7191458132128985e-02
3.2799548371410962e-02
-1.5338614049161378e-01
-3.2852522312289391e-02
-1.0528985107039490e-01
1.3000445946989586e-01
1.7323116054099441e-01
4.3908667892957623e-02
4.3899315873829878e-02
-2.9657095353470837e-02
-6.9742382330027691e-02
-1.1783036231148657e-01
-1.9065105750515947e-02
7.5086898873125987e-02
7.3077469113864479e-02
-6.6953172898200838e-03
-5.1827984236627468e-02
6.3753381089769606e-02
-1.0137173664403989e-01
-1.2165601493811279e-01
3.1200947155124389e-02
6.0876147222443978e-02
3.0436672903025982e-02
4.1389028537269307e-02
-2.0632382768047430e-01
5.9090632279335469e-02
1.4759490480535090e-01
8.4658398584340405e-02
8.1376368996621054e-02
2.3287802013716837e-02
2.7034323928172590e-02
-1.4752868024035293e-02
3.8339386435349510e-02
-1.0585360819784094e-01
1.4814555476589733e-01
-8.2225001729032035e-02
8.4438519048532015e-02
1.3289605904369892e-01
8.4182006689006189e-02
2.3276531003460851e-01
-2.0035222920665141e-01
-4.5769943095682566e-02
1.3095506848605271e-01
-1.2516472141061394e-01
-7.9413629002542396e-02
5.2418784281277102e-02
-1.4127658838923665e-01
5.4353585390382268e-03
4.5938577171661180e-02
1.3824143205868193e-02
2.2921137411506844e-02
-7.0467326286988249e-02
1.9677609665695726e-02
-3.9374117222457213e-02
-2.6583879191537901e-02
8.2951904202407306e-02
-1.2964723280747611e-01
-2.3336161198483049e-01
7.4943389972774041e-02
1.9779008194185214e-02
1.3276861322676917e-01
1.3535858895693972e-01
-8.3739822382746215e-02
-1.4805365125650163e-01
-3.5801668807442920e-02
1.7207698311659839e-01
3.9282746825991893e-02
4.7469708846320201e-02
-1.8309058258475305e-01
-6.0500071280873105e-02
-1.0697524112896900e-01
4.2789044069491723e-02
3.2866200228248106e-02
1.3206616555281669e-01
-1.4768578168457319e-01
-3.3148817209725470e-02
3.8337711318247043e-02
3.4877589404629511e-02
2.0769805290537532e-01
1.6019059331707532e-02
-8.4566103276734722e-02
-2.5862847953856405e-03
-8.3336880594940585e-02
-2.0729834359912919e-01
-4.5867528493933302e-02
1.9372311624295169e-01
-9.6209111634162736e-02
-4.0707823635032510e-02
1.8532564941538203e-02
-3.3925848388401535e-02
-1.1419382261424041e-01
2.5976737265958322e-01
1.4332145066061727e-01
5.8077709532979672e-02
-1.7040758116420442e-02
4.3030135895755328e-02
6.6558523631342917e-02
3.6653140723722992e-02
4.5396557930869608e-02
9.3554712546514929e-02
-3.3560736811864625e-02
-1.4950608302272050e-01
8.9518498197168603e-02
-1.5025034560408970e-01
-5.4349550793263458e-02
4.3488427146364743e-02
4.6508020950030628e-02
-2.9732336269763543e-02
-8.6100651821048504e-03
3.4464522623605241e-02
-6.8837228223075947e-02
1.6289369476239915e-01
-8.8769565571455988e-02
-1.9134398669506031e-02
-4.4253571189218389e-02
1.3148581680545219e-02
1.5647180216699044e-01
-9.4112209592495832e-02
4.5233395064313869e-02
6.3747090265112147e-02
1.1478126607335636e-01
-7.8656577510416881e-02
-8.2622946636395259e-02
-1.7922662544975491e-02
-1.5918487138006081e-02
-1.0085360419431078e-01
6.6266597038548397e-02
5.5653344275126318e-02
2.0350733027310675e-01
-3.0708321833457675e-02
-1.0322626705778369e-01
-8.8879731323091848e-02
3.3429512849771449e-02
-7.6553527742971306e-02
7.3941267230094754e-02
-6.5291614466471207e-02
1.8797358748610448e-02
-6.7980255984404899e-03
-8.9969478648775386e-02
-1.4548224852577893e-01
1.2479499850594318e-01
3.6345433783907317e-02
-1.1563476602653329e-01
-1.0721330214268593e-01
1.9972965307479940e-01
-8.3746340408519276e-02
1.6111161484996209e-01
2.4903612230694198e-02
-1.6517591481792673e-01
-4.2360660646083827e-02
8.1260128775364468e-02
-1.7749620596421284e-01
-5.7753888735565057e-02
-6.2758753643691975e-02
5.4113161080453144e-02
4.4809936393620360e-02
5.3803443992825106e-02
2.3527611158826352e-02
4.4632214754306371e-02
-1.2826346502605218e-01
2.4164452167675130e-02
1.4511788490210642e-01
3.2107673970934664e-03
-6.1966593412861364e-02
-5.3345234716472449e-02
1.3626426398033412e-01
-2.4127803309294904e-01
2.5493279526070028e-01
-1.9368380406201854e-01
-2.8622294984066921e-02
-1.1133880419218484e-01
5.2450737528608619e-02
6.9919673169488786e-02
1.7196033243705985e-02
-1.4200321440752131e-02
-1.7306716055072183e-01
-3.9046394946281010e-02
-1.7417273380495788e-02
-1.1037406977820073e-01
3.1940026379122882e-02
1.7739611463694044e-02
-3.2379170428660072e-02
-1.7562826477445911e-03
-3.4234093866388239e-02
-1.7056522160155174e-01
4.8206683552552532e-02
-2.5647443418205673e-01
2.7236975527423987e-02
-1.3168302110582417e-01
3.4935062256042961e-02
4.2018859872493736e-02
-1.6692793010856515e-02
6.2508520124815378e-02
-5.2132291863728475e-02
-4.7910317091198015e-02
1.4983744402967322e-01
-4.2477372779309130e-02
-2.4576150001290143e-02
-2.2517772906190470e-01
-7.8241633396144594e-02
-9.6363844436880411e-02
-2.0110465451883035e-02
-2.4506065119070237e-02
-5.6954541213528991e-03
-9.7595881611490493e-02
5.5854895927422349e-02
6.4748469070947431e-02
7.0166364808956702e-02
-1.2084650788267441e-03
-1.2158909241041307e-01
6.8574903527466188e-02
-1.0222802816473296e-01
1.1280188573493027e-01
-1.4966386899033265e-01
1.4611788667203290e-01
7.6731724046122690e-02
-1.1195358752705263e-01
5.8274330935446554e-03
-1.8767099092845213e-02
1.5811908490510920e-02
8.0700828194447072e-02
-2.2472685553408556e-01
1.1877250932619365e-01
-1.8598354065456288e-01
9.3083822635052937e-02
5.1629757210145101e-02
-8.9313062158486278e-02
-2.9926470388525639e-02
2.0487556508632868e-01
1.1360486835554284e-01
8.5501932429727881e-02
4.4254562420405298e-02
6.3537114286127738e-02
6.3690628337221014e-02
-1.7836111297141835e-01
-5.5619195884912521e-02
1.6818166193008241e-01
1.3592206002956120e-01
1.3506251209526568e-01
2.0279727689777940e-02
3.9699130449884004e-02
-1.3026521168344646e-01
-7.9729563856808482e-03
8.9421332851340962e-02
2.4878730980108302e-02
-2.0291398479554773e-02
-1.5105187760692926e-02
-1.2503155389231466e-01
3.9126465993323499e-02
-1.2268463749512723e-02
1.0592237388963209e-01
3.8913206901459805e-03
-1.0836988273580606e-01
3.7928003436516304e-02
1.0999796503420836e-01
-1.2442058788608695e-01
2.1723119481052468e-02
-5.7789410807765590e-02
-5.0395774141061049e-02
3.1145283430343958e-02
2.4410438897835215e-02
-1.1394290010915747e-01
1.4377769399164625e-01
-2.1166544489705311e-01
2.9109946576669206e-03
-1.1761085542512095e-02
-2.6728344331029380e-01
1.5614382018035733e-01
-3.7980651178989515e-02
-8.9434604607752877e-02
1.4274852836845048e-01
-3.3593922504014773e-02
3.5576476984624864e-03
-9.3298649653491775e-03
3.6547447264283460e-02
8.5128557484478909e-02
9.6899787027585796e-02
-4.8975018290120916e-02
3.1085587771152788e-03
1.3985221865292462e-03
4.2496589743614921e-02
6.6657266860953357e-02
-1.4422991355594114e-01
8.3981003314454270e-03
8.3103185766797441e-02
-4.0694374877255898e-02
-4.6587270339339369e-03
-1.0078929496235448e-01
6.3002368334699735e-03
-1.9585914403970311e-01
-2.2096731778635411e-02
-2.7982456530217981e-03
9.4764960984829977e-02
-1.1719715929007948e-01
2.8891666716870691e-02
-4.3133943823951054e-02
-1.7039928626103756e-01
-5.5772888749521479e-02
3.8581122980917066e-03
1.0493396105434072e-01
-8.6231795947554313e-02
-1.5356420699261195e-01
1.0255318372626686e-02
1.5882761071492624e-01
2.0602981705240786e-01
-1.2770164449702281e-01
-1.0762452003187682e-01
3.9703330001549117e-02
-6.2216770025425819e-02
1.1575077580211340e-01
5.2941340712572220e-02
-1.8807984279740578e-01
-8.6700525632342637e-02
-5.7144921919673734e-02
1.8821748802040494e-01
4.1379231719021393e-02
7.5713287956833677e-03
4.4832406597315952e-02
1.6473939976033294e-01
5.8954688603560214e-02
-8.7876742415620573e-03
8.6596863841715332e-02
8.8639395956795250e-02
1.2003062582593216e-01
-3.5569831557103464e-02
-2.9305943758527758e-01
-3.6484128252147840e-01
4.5176860094098416e-02
-1.1624287801399305e-01
1.3705409886141320e-01
2.2429203124029851e-01
4.0803617688126681e-02
1.3102711619341956e-02
-1.0972745169429012e-02
-1.3647416522015654e-01
-7.4219209399743677e-02
3.4611874185255620e-03
-1.0618193062257628e-02
6.1681419968977982e-02
-1.0415876326212720e-01
-4.1233687220473061e-02
4.4381270938310464e-02
-1.5307152572567065e-01
7.3558309242837364e-02
6.3198148376139532e-02
3.3104015499619562e-02
-4.8279015872464484e-02
1.4792745106742300e-01
1.3148078715059050e-01
3.5272016302634310e-02
1.2117794929946198e-02
8.2375313187618204e-02
-7.2928693637366149e-02
6.3391037773374237e-02
3.4020997686833788e-02
-3.7484146289760961e-02
3.7884260345839443e-02
1.4423047911862444e-01
-1.6550953431851839e-01
-1.0210451606783220e-01
-2.7385050554623720e-02
6.1970196548247897e-02
3.1604787064428624e-02
6.1613466800223830e-02
-3.6443825226446118e-02
3.6059926797795414e-03
1.0455322747896803e-01
2.0277504825236735e-02
4.8516111254573786e-02
-1.3926514433488989e-04
-5.5777134598942360e-02
6.7740136869230236e-02
9.7389412821740101e-02
1.0192588737265744e-02
-8.5920601857557011e-02
5.4259446329196007e-02
4.3751224861986994e-02
-2.0406858443884898e-02
2.4451301450589169e-01
1.4720145664901335e-01
4.1117191801596314e-02
4.4472681819523303e-02
1.4540501814574583e-01
1.1322345721792478e-01
-6.0251846401286960e-03
4.5502372034751992e-02
-7.7356179820854080e-03
-1.1146169630679269e-01
-1.5927942597215278e-01
2.2678604610913543e-02
2.8092108612295030e-01
1.4353001566454401e-01
-1.5124764674637588e-02
6.1916483679959186e-03
-4.0833316282666926e-02
-1.5436252025220817e-01
-2.7670009008571340e-02
8.5056267231535673e-04
1.8036394302639820e-02
1.2262929556489498e-01
4.9455665532285337e-02
1.2419599968138112e-01
6.1409917711262363e-02
5.1966057334650262e-02
7.0072315685958578e-02
-7.9459945512505500e-02
8.4022016269419755e-02
-2.7167438368729226e-02
-2.4043719707034283e-02
7.8988716340009698e-03
-3.6127042500344556e-02
-9.8862714943460606e-02
3.1085501856367454e-04
-2.3582936217485282e-02
-2.7015512933709619e-02
-9.8446002307879636e-03
-2.0974509576101419e-01
-2.6307342445635287e-02
1.3817075933777970e-01
1.2884442493182524e-01
3.7227836421576638e-03
3.7962516214591326e-04
-2.3196107267512184e-01
-5.4317083105611390e-02
6.9010442476401243e-02
-3.8424591288057024e-02
1.0301954031527311e-01
9.6265757248684136e-02
-5.6148302678288367e-02
1.1061312257867773e-02
1.4729535721895745e-01
-1.4176841701595697e-01
-3.6326064756880563e-02
-1.5073256477730476e-01
-8.6084167852357021e-02
1.8017419477471466e-01
-3.6358329030679891e-02
-1.9081304132252669e-01
-9.9785198324402580e-02
-1.6002058490434776e-01
1.4862709530283087e-02
4.1747195874201455e-02
8.5468573013556176e-02
6.3285791460730642e-02
-1.3763874990779479e-01
3.6536374206376759e-02
-1.4098789744441863e-02
1.0075107709865590e-01
7.5012181213694462e-02
1.9604846007830271e-01
-9.2653311115715065e-02
-1.0582810508376372e-01
-4.8619413069904693e-02
-1.0239670661109639e-02
-6.7421246172450905e-02
-8.7950962865894267e-02
2.9751107118555494e-02
-4.8907746811892375e-02
-7.1355398137035494e-02
-1.3780092768478663e-01
-2.2497837779516075e-01
1.3249556793816308e-01
1.2905637623211741e-01
7.8255882571515931e-02
5.2395095419267082e-02
-5.7664729223369293e-02
5.6618775857483296e-02
-1.1227684322709951e-01
8.6505541921461787e-03
-7.9252583045791455e-02
5.7053703613848539e-02
1.5518801201224885e-01
-1.0012914327565442e-01
-5.3097650455571480e-02
6.7986626051088853e-03
-1.8076968597749329e-01
-1.5593832353056092e-01
1.5167926571392482e-01
3.0197074251927115e-02
-6.2848473013678963e-02
-3.8538261843412513e-03
-4.8223247870292106e-02
9.7413412957781994e-03
-4.4715765732994676e-02
-1.1549887929893476e-02
6.6208153458175267e-02
5.9355469490556673e-02
1.4493448012363036e-01
3.7305231843417823e-02
2.3355316114555455e-03
1.6200703091360513e-01
-2.1802912810442214e-02
-2.1706154097954117e-01
7.9583865521977395e-02
2.5044630026076067e-02
-2.3233710850366204e-03
8.2419961979586287e-02
-4.3905391010493768e-02
-2.1291978892000177e-01
8.4548310848185398e-02
-6.6141689230681602e-02
-9.6535119480876355e-02
-2.0844021549884745e-01
7.5385506993368226e-02
-2.4807085099845416e-01
1.2329019341026966e-01
-3.4752341219351925e-02
8.0457030158483656e-02
4.0395402073561154e-02
1.8362258397300202e-01
3.7604436962261137e-02
1.1904135632937440e-01
-5.6075416408774559e-02
-1.5628843453398497e-01
9.6746627292501081e-02
-1.5888975641787251e-01
7.4202890297949062e-02
-1.0747660138177140e-01
2.7009543419728655e-02
1.8594948076233117e-01
6.5788801043317940e-02
-2.1380455809049070e-02
4.2779639824713278e-02
-5.2671539194620823e-02
2.3098444220900782e-01
-7.3228538140207564e-02
-1.0914515156133451e-02
5.6227287191449329e-02
3.5262720391717239e-02
4.6617766219731079e-02
-5.0710528042824200e-02
-2.5396267804778105e-02
9.1631144107456680e-02
8.6200005041213404e-02
3.7694778569537228e-02
1.3286310668494361e-01
9.5959052575007364e-02
8.2912107106605293e-02
-1.6052712471325678e-01
3.6453448903326253e-02
1.7726136694885573e-02
1.4736113922530955e-01
-2.8670549537827433e-01
-1.6465102754395129e-02
9.4183058232312176e-03
-1.0865678595905903e-01
-9.1582347729643784e-02
1.4773936341700353e-01
4.6221248901062467e-02
1.8623175613948803e-01
-1.8249984265026168e-02
-1.4098194289478103e-01
-3.2398477549643021e-02
-4.9165561496548445e-02
6.9467061162840862e-02
6.5174814140304002e-02
5.1319981107718106e-02
2.2297318414095485e-01
1.2609373235629845e-01
-8.5215880596559379e-02
9.9549028294531827e-02
2.8022187025876690e-03
-2.0940882703960814e-02
1.4011862750338963e-01
-9.1144362313729035e-02
9.2115074639479225e-02
7.4549890652498271e-02
-9.2898916713057958e-02
-1.6354632484578580e-01
-8.3448783226593628e-03
-2.9556188243450698e-01
1.1208406514031669e-01
3.6059167765684144e-02
1.4387054823592313e-01
2.9004039648353519e-02
1.5164401005894038e-01
-5.9322018487035923e-02
5.0989824847653568e-02
-3.9524414500347167e-02
-1.1420989177783690e-02
9.0742563752173027e-03
3.5731942271062682e-02
-7.2461105151772440e-02
4.5970595501498755e-02
4.0256502000462864e-03
-1.3602583662893272e-01
-1.7676221129393810e-01
1.1250439217080253e-01
-2.2604147573378525e-01
-1.6279899663260711e-02
-1.4571379129195564e-01
1.7058526805445642e-01
5.6331307351642469e-02
3.2994353865726460e-02
-8.0948631889276645e-02
-1.3730030168855392e-01
1.7874096328632717e-02
-2.2685275325646736e-03
-1.0717013268617444e-01
-1.1039886353716616e-01
-1.1500854941523636e-01
-1.1814790679288201e-01
-6.2460340821517905e-02
3.3028994561659190e-02
4.9871944106972335e-02
-4.3133589640907445e-03
1.3234650640267256e-02
5.4812837964219610e-02
-1.9974666928898599e-01
2.1029129108614656e-02
1.3120252622199144e-01
-1.9345307357131181e-01
-2.7496760196305753e-01
-1.8838412726438339e-02
1.0788790390297387e-01
-1.7038842335611121e-02
6.1728158049225851e-02
3.0939157015694503e-02
-1.1648280964610401e-01
-9.5942775314186809e-02
-1.6873476944133517e-01
1.5163686467253362e-01
8.3992260513279793e-02
-1.0495815600017269e-02
-2.3665882465190035e-02
-8.0324009195170520e-02
3.9550910636250818e-02
-7.2434251940820107e-02
-3.6546959411422504e-02
-6.2837110811947858e-02
7.7153325976191942e-02
-1.4581045808881600e-02
1.3992431203911341e-02
-1.1468320821674410e-01
-6.3481316397145673e-02
1.6205955906287477e-02
-1.5870983007982420e-01
-2.1993579526633559e-02
-1.2938768103588063e-03
-1.2623892988571656e-01
1.0287809197455094e-01
3.4572657980157996e-02
-1.5302587620621311e-02
-7.0306908089780226e-02
-1.6209135183081516e-01
9.4276580122527529e-02
-4.5552784500343058e-02
-1.4099697030838759e-01
-7.2957719413564645e-02
4.5253841897959196e-02
2.3860079092844370e-02
-1.0675937690448861e-01
1.1326898205195889e-01
-1.4217636493445729e-01
1.3581210958672604e-01
1.9526303147977278e-02
-3.8380092570774543e-02
-2.5237412498448339e-02
7.8598706115037380e-03
5.3212937388143838e-02
-1.7769866393260753e-01
-7.6019008861890558e-02
4.6557473327860921e-03
1.1755065765087797e-01
1.1320522884141782e-01
1.5904522979160232e-01
1.0778433557451819e-01
-8.3076988160533577e-02
-1.7037889337463018e-03
1.0845151609299662e-01
9.7381907171730911e-02
-2.0378186112454774e-02
5.0304866837686507e-02
6.4839401123871265e-02
5.3457912617474040e-03
1.1695381472938837e-01
-6.9413856114566561e-02
1.2728827687546637e-01
-3.8562998152316133e-02
-1.5671770905854471e-01
-1.7598157076954657e-01
1.2862159249126585e-02
-1.1001355537243059e-01
1.7982877009230627e-01
-6.9621205157989974e-02
1.9993564150872333e-04
-6.9868043598482976e-02
-1.5980523752767140e-01
4.5002067342183205e-02
-1.6150508905847880e-01
3.6452503799280229e-02
-2.8060044683806396e-02
-1.0254101277779044e-01
1.2284208122801513e-01
6.4021365932875871e-02
2.4794756085187487e-02
8.7305660009274352e-02
-1.5725282500024410e-01
-5.3187749394275743e-02
4.1021201567955135e-02
2.3746065500264316e-01
2.0363317870980124e-02
-4.9340134038267862e-02
-2.3253713748742869e-01
1.9029074622741679e-01
2.5980785680550952e-02
-1.6395350002699656e-02
-2.2757364037217523e-01
-1.1316840972889724e-02
1.2659671027769357e-02
-5.2842613111552562e-02
-1.3383824113238446e-01
-1.3976861631184037e-01
1.9229461940665774e-01
9.7603992495440203e-03
-5.2927230669989327e-02
3.7523232339598425e-03
-3.0832514084184331e-03
-1.4419787356400129e-01
9.1462405398684665e-02
-1.8955551153927854e-02
1.1135042939811133e-02
1.4773936649746691e-01
-1.3118031657772114e-01
-7.7465185626206301e-02
3.1381902010712184e-02
8.9285581632295538e-02
-6.1894655259136323e-02
-5.6563874835503895e-02
6.2879629361030309e-02
2.2676442038992548e-01
7.0419127327288888e-03
-7.7760592774826720e-02
-1.0571548741382744e-01
-1.4428437852025487e-02
8.4212695913763291e-02
2.8095689700963922e-01
7.2017641917052223e-03
1.7060917581276394e-01
2.9691587073611254e-02
2.1066687772462029e-02
1.4623552634733608e-01
9.5439038487736133e-03
-9.8341597865903074e-02
1.2128836917231559e-01
-1.5920130022414555e-01
1.0155152164829295e-01
-7.9045153732363476e-04
-3.0076458484673493e-02
-3.2569811007372870e-02
-1.4807240454775420e-02
-4.4301215324146735e-02
4.4245460496971117e-02
-4.0964892836800187e-02
-1.9209159258951816e-01
-5.6309712295880826e-05
9.6073430759446410e-02
-1.9738338698589639e-01
-7.1168551285157727e-04
-4.6212707517244558e-02
9.3263884299112004e-02
-2.6082845840458314e-02
7.6923620803712817e-02
6.4455841198398006e-02
6.7379439366775790e-02
1.5588162477990858e-01
-2.2645458454413847e-02
5.7410071438157790e-03
4.1461628502670302e-02
8.7962896331001995e-03
-2.5870590168573016e-02
-9.0069218371267662e-02
1.0985513527525621e-03
-1.4973731700945367e-01
-2.0377285077347179e-01
-1.1183058172065440e-01
6.6137818989170802e-02
2.3128202274336457e-02
6.7211431509643690e-02
-6.9193369617461004e-02
1.0437433977204945e-01
-1.3969620577511316e-01
-1.0846106224362383e-01
1.0240988398410250e-01
1.5723284343619342e-02
6.7852395140002811e-02
2.3556987063989388e-02
-5.6180654352558972e-02
-1.1943654807244591e-01
-1.8283953114415025e-01
1.8089145420827710e-01
-1.6260844886265166e-01
1.4221063499235564e-01
1.0144743065004947e-02
2.6673616797664154e-02
1.9963501791151455e-02
5.4285822447759591e-02
-7.8317986171516765e-02
-2.1560230425499813e-01
-5.8159393428160511e-02
4.5301875631217167e-02
-1.0757359586452325e-01
1.0713045389296157e-01
-1.3002606149848984e-02
-1.1609119563867390e-01
1.4732233048647056e-02
4.3545833595741788e-02
5.0982070777611792e-02
-2.9171598806970661e-01
-3.0476325653527542e-01
1.0253480342577551e-01
-1.4661859824695420e-01
1.0269057463206198e-01
1.1289911009620174e-01
-1.1923953304424335e-01
-1.0172243411016413e-01
7.3242780976283825e-02
-4.0359211851933412e-02
1.2935099684593704e-01
1.6042291046850141e-01
-1.1619344063800877e-01
-8.0161884076845061e-02
9.4826859730375666e-03
-2.1803662087381889e-01
-1.8028561964178827e-01
-9.0910288860335586e-02
2.0009631015901538e-01
2.4537100899533218e-02
-6.5396313363692199e-02
-1.0245289129130064e-01
-1.2026965859010302e-01
-5.8605163997555866e-02
-6.4049007185542600e-02
-2.3613009177798558e-02
4.8509386849711268e-02
-8.8613945253167310e-03
7.9654403051999709e-02
-3.0669728782593719e-02
1.6965866829708509e-01
7.6985689305535468e-02
2.1727315822862397e-02
4.8866852446730717e-02
-5.6044946880307561e-02
-2.5206281540335631e-02
-2.8987561547486985e-02
-7.6721706853064037e-02
-1.3602434375921743e-01
5.4532326196706039e-02
9.6517049272866584e-02
3.9201093736575675e-02
-9.1540019418207882e-03
2.2141526157919111e-01
